id,record_month,region,district,passenger_government,passenger_private,passenger_business,passenger_total,van_government,van_private,van_business,van_total,truck_government,truck_private,truck_business,truck_total,special_government,special_private,special_business,special_total,total_government,total_private,total_business,total_all
1,2011-01,서울,계,3969,2292616,146971,2443556,2493,157299,17198,176990,3711,310364,52648,366723,314,1062,2528,3904,10487,2761341,219345,2991173
2,2011-01,서울,강남구,163,192610,31456,224229,86,8261,1728,10075,161,17407,1630,19198,21,94,134,249,431,218372,34948,253751
3,2011-01,서울,강동구,81,107074,6261,113416,50,8159,703,8912,115,15451,2096,17662,10,34,157,201,256,130718,9217,140191
4,2011-01,서울,강북구,103,55201,2585,57889,47,5189,727,5963,142,8639,1434,10215,10,15,17,42,302,69044,4763,74109
5,2011-01,서울,강서구,111,132643,15523,148277,58,9761,1254,11073,167,18918,2672,21757,13,80,88,181,349,161402,19537,181288
6,2011-01,서울,관악구,146,94175,3508,97829,90,7039,318,7447,156,12204,1984,14344,7,14,90,111,399,113432,5900,119731
7,2011-01,서울,광진구,104,72214,2723,75041,49,5316,344,5709,153,10682,1345,12180,7,20,42,69,313,88232,4454,92999
8,2011-01,서울,구로구,90,94744,17026,111860,60,7085,1337,8482,127,15877,2182,18186,8,32,44,84,285,117738,20589,138612
9,2011-01,서울,금천구,25,51921,2160,54106,13,4824,433,5270,59,11098,2274,13431,1,30,39,70,98,67873,4906,72877
10,2011-01,서울,노원구,90,124129,6875,131094,60,8569,791,9420,128,13402,1844,15374,9,22,73,104,287,146122,9583,155992
11,2011-01,서울,도봉구,76,70881,5626,76583,55,5628,584,6267,94,9906,1192,11192,8,14,68,90,233,86429,7470,94132
12,2011-01,서울,동대문구,139,67982,3040,71161,75,5539,240,5854,136,11957,2230,14323,10,33,55,98,360,85511,5565,91436
13,2011-01,서울,동작구,96,79614,1559,81269,55,4989,174,5218,144,8866,1321,10331,14,17,46,77,309,93486,3100,96895
14,2011-01,서울,마포구,108,86534,3177,89819,60,5801,648,6509,170,11429,2438,14037,17,58,139,214,355,103822,6402,110579
15,2011-01,서울,서대문구,198,62396,2634,65228,70,4593,409,5072,147,7707,1523,9377,10,17,54,81,425,74713,4620,79758
16,2011-01,서울,서초구,369,138232,6876,145477,177,6217,787,7181,181,13562,4727,18470,13,100,101,214,740,158111,12491,171342
17,2011-01,서울,성동구,109,67923,2816,70848,58,4375,321,4754,135,10053,1591,11779,8,20,80,108,310,82371,4808,87489
18,2011-01,서울,성북구,115,92285,2776,95176,62,6979,962,8003,137,11143,1741,13021,9,21,27,57,323,110428,5506,116257
19,2011-01,서울,송파구,133,171997,5408,177538,102,9578,1403,11083,156,21715,3563,25434,8,49,142,199,399,203339,10516,214254
20,2011-01,서울,양천구,136,114622,5294,120052,63,7545,913,8521,141,15077,2648,17866,9,78,300,387,349,137322,9155,146826
21,2011-01,서울,영등포구,147,104723,5185,110055,61,7508,577,8146,148,19768,4481,24397,16,182,469,667,372,132181,10712,143265
22,2011-01,서울,용산구,233,62664,831,63728,63,3723,78,3864,163,6942,1000,8105,12,10,48,70,471,73339,1957,75767
23,2011-01,서울,은평구,103,90361,3757,94221,67,7256,746,8069,117,12645,1648,14410,7,23,52,82,294,110285,6203,116782
24,2011-01,서울,종로구,718,37413,686,38817,548,3173,435,4156,334,5747,683,6764,59,16,18,93,1659,46349,1822,49830
25,2011-01,서울,중구,300,46147,3718,50165,420,3351,329,4100,183,6430,1782,8395,15,64,86,165,918,55992,5915,62825
26,2011-01,서울,중랑구,76,74131,5471,79678,44,6841,957,7842,117,13739,2619,16475,13,19,159,191,250,94730,9206,104186
27,2011-01,부산,계,1261,855221,35428,891910,842,58036,5582,64460,1475,155601,31952,189028,104,747,7264,8115,3682,1069605,80226,1153513
28,2011-01,부산,강서구,60,20688,2656,23404,41,1674,166,1881,110,9118,1604,10832,10,140,415,565,221,31620,4841,36682
29,2011-01,부산,중구,109,13587,211,13907,35,857,222,1114,73,2199,3675,5947,10,78,1216,1304,227,16721,5324,22272
30,2011-01,부산,금정구,40,56707,3421,60168,33,4381,729,5143,108,11047,2902,14057,10,18,558,586,191,72153,7610,79954
31,2011-01,부산,기장군,29,28046,581,28656,25,2411,155,2591,70,6996,317,7383,5,33,45,83,129,37486,1098,38713
32,2011-01,부산,남구,37,63874,2175,66086,32,4348,368,4748,59,10259,4832,15150,4,71,1624,1699,132,78552,8999,87683
33,2011-01,부산,동구,38,34079,2995,37112,25,1784,292,2101,78,3875,3766,7719,6,14,955,975,147,39752,8008,47907
34,2011-01,부산,동래구,24,62699,1620,64343,10,4445,472,4927,72,12020,1415,13507,1,30,144,175,107,79194,3651,82952
35,2011-01,부산,부산진구,58,102285,4874,107217,21,6268,626,6915,139,15950,1563,17652,1,39,265,305,219,124542,7328,132089
36,2011-01,부산,북구,33,68000,1393,69426,9,4884,146,5039,71,13478,1386,14935,2,26,79,107,115,86388,3004,89507
37,2011-01,부산,사상구,38,60028,4080,64146,37,4456,431,4924,101,16951,2060,19112,8,99,244,351,184,81534,6815,88533
38,2011-01,부산,사하구,24,77834,4688,82546,23,5696,494,6213,99,15192,2223,17514,6,48,222,276,152,98770,7627,106549
39,2011-01,부산,서구,34,19868,396,20298,16,1757,29,1802,54,4182,545,4781,0,9,35,44,104,25816,1005,26925
40,2011-01,부산,수영구,31,51107,1556,52694,19,2867,274,3160,96,6544,1015,7655,7,26,218,251,153,60544,3063,63760
41,2011-01,부산,연제구,629,63511,1361,65501,471,3543,357,4371,171,8864,1873,10908,21,68,675,764,1292,75986,4266,81544
42,2011-01,부산,영도구,33,24358,1471,25862,25,2017,265,2307,81,4596,771,5448,8,16,94,118,147,30987,2601,33735
43,2011-01,부산,해운대구,44,108550,1950,110544,20,6648,556,7224,93,14330,2005,16428,5,32,475,512,162,129560,4986,134708
44,2011-01,대구,계,696,720586,23832,745114,559,40892,3903,45354,993,142480,17815,161288,72,417,1047,1536,2320,904375,46597,953292
45,2011-01,대구,중구,73,27766,897,28736,113,1648,333,2094,102,4451,743,5296,17,7,4,28,305,33872,1977,36154
46,2011-01,대구,남구,57,43774,1284,45115,32,2726,111,2869,63,7996,514,8573,5,45,17,67,157,54541,1926,56624
47,2011-01,대구,동구,80,93283,6535,99898,61,5773,619,6453,110,20008,2694,22812,9,56,210,275,260,119120,10058,129438
48,2011-01,대구,북구,111,127598,3390,131099,74,7292,612,7978,177,29553,3909,33639,8,62,226,296,370,164505,8137,173012
49,2011-01,대구,서구,49,51095,2268,53412,39,3559,341,3939,92,13405,1611,15108,8,74,127,209,188,68133,4347,72668
50,2011-01,대구,달서구,125,179350,5168,184643,68,9784,684,10536,156,34055,5273,39484,9,85,234,328,358,223274,11359,234991
51,2011-01,대구,달성군,60,52307,730,53097,51,3628,288,3967,114,14086,1851,16051,5,39,198,242,230,70060,3067,73357
52,2011-01,대구,수성구,141,145413,3560,149114,121,6482,915,7518,179,18926,1220,20325,11,49,31,91,452,170870,5726,177048
53,2011-01,인천,계,1135,682607,22782,706524,697,54336,5112,60145,953,133608,25528,160089,82,700,3739,4521,2867,871251,57161,931279
54,2011-01,인천,중구,206,25895,546,26647,103,2359,362,2824,130,6371,8017,14518,12,210,1554,1776,451,34835,10479,45765
55,2011-01,인천,남구,136,99968,8724,108828,81,8288,924,9293,121,18418,3654,22193,6,178,632,816,344,126852,13934,141130
56,2011-01,인천,동구,18,18672,763,19453,20,1529,68,1617,41,3882,1473,5396,0,15,404,419,79,24098,2708,26885
57,2011-01,인천,서구,113,106327,4197,110637,54,8963,782,9799,98,23434,3741,27273,13,66,386,465,278,138790,9106,148174
58,2011-01,인천,강화군,68,16555,220,16843,42,1612,257,1911,84,7127,677,7888,6,22,57,85,200,25316,1211,26727
59,2011-01,인천,계양구,80,81410,1736,83226,36,6918,607,7561,87,15474,2126,17687,11,37,147,195,214,103839,4616,108669
60,2011-01,인천,남동구,252,123128,2294,125674,222,9397,428,10047,150,24581,2353,27084,21,85,307,413,645,157191,5382,163218
61,2011-01,인천,부평구,106,130168,2475,132749,58,10029,1013,11100,88,22062,2018,24168,9,49,134,192,261,162308,5640,168209
62,2011-01,인천,연수구,123,75777,1797,77697,55,4661,626,5342,86,9853,1446,11385,1,30,114,145,265,90321,3983,94569
63,2011-01,인천,옹진군,33,4707,30,4770,26,580,45,651,68,2406,23,2497,3,8,4,15,130,7701,102,7933
64,2011-01,광주,계,508,390712,16066,407286,347,25462,2245,28054,610,74386,9591,84587,49,294,1132,1475,1514,490854,29034,521402
65,2011-01,광주,남구,47,54132,1581,55760,37,3583,362,3982,57,9445,752,10254,5,30,68,103,146,67190,2763,70099
66,2011-01,광주,동구,62,24381,683,25126,40,1799,109,1948,77,4529,229,4835,6,11,41,58,185,30720,1062,31967
67,2011-01,광주,북구,123,121634,4876,126633,72,7943,876,8891,175,23794,2831,26800,12,79,438,529,382,153450,9021,162853
68,2011-01,광주,서구,174,88880,7140,96194,130,5096,636,5862,160,14898,1072,16130,10,45,101,156,474,108919,8949,118342
69,2011-01,광주,광산구,102,101685,1786,103573,68,7041,262,7371,141,21720,4707,26568,16,129,484,629,327,130575,7239,138141
70,2011-01,대전,계,535,445473,14417,460425,363,27210,2021,29594,602,73977,9167,83746,61,409,766,1236,1561,547069,26371,575001
71,2011-01,대전,중구,97,71801,4973,76871,43,4875,640,5558,82,13340,1362,14784,8,44,66,118,230,90060,7041,97331
72,2011-01,대전,동구,22,61501,2689,64212,27,4601,344,4972,89,14382,1100,15571,10,145,94,249,148,80629,4227,85004
73,2011-01,대전,서구,252,151558,3407,155217,163,8576,272,9011,208,21018,1369,22595,18,90,167,275,641,181242,5215,187098
74,2011-01,대전,대덕구,88,60988,1810,62886,52,4321,396,4769,97,14038,3237,17372,15,70,218,303,252,79417,5661,85330
75,2011-01,대전,유성구,76,99625,1538,101239,78,4837,369,5284,126,11199,2099,13424,10,60,221,291,290,115721,4227,120238
76,2011-01,울산,계,437,350280,7693,358410,288,16993,1591,18872,492,56595,7652,64739,40,324,1501,1865,1257,424192,18437,443886
77,2011-01,울산,중구,75,68397,1378,69850,60,3314,313,3687,88,11155,655,11898,9,15,48,72,232,82881,2394,85507
78,2011-01,울산,남구,198,110196,3073,113467,114,4909,479,5502,189,17876,2997,21062,10,111,513,634,511,133092,7062,140665
79,2011-01,울산,동구,49,46760,433,47242,38,2128,183,2349,64,4634,214,4912,9,57,20,86,160,53579,850,54589
80,2011-01,울산,북구,32,60769,1719,62520,16,2782,187,2985,55,8136,1324,9515,2,37,408,447,105,71724,3638,75467
81,2011-01,울산,울주군,83,64158,1090,65331,60,3860,429,4349,96,14794,2462,17352,10,104,512,626,249,82916,4493,87658
82,2011-01,경기,계,4778,3181601,73771,3260150,2270,232223,29376,263869,4698,592171,85619,682488,356,2206,6703,9265,12102,4008201,195469,4215772
83,2011-01,경기,가평군,96,15011,165,15272,54,1627,333,2014,105,5196,159,5460,7,40,28,75,262,21874,685,22821
84,2011-01,경기,"고양시 덕양구",133,96878,911,97922,76,7324,259,7659,190,16576,1320,18086,9,49,71,129,408,120827,2561,123796
85,2011-01,경기,"고양시 일산동구",87,79333,4000,83420,64,4819,901,5784,74,10878,1114,12066,7,47,78,132,232,95077,6093,101402
86,2011-01,경기,"고양시 일산서구",15,79533,1424,80972,9,4604,527,5140,33,8845,729,9607,7,26,30,63,64,93008,2710,95782
87,2011-01,경기,과천시,494,18619,351,19464,98,1047,13,1158,88,1920,91,2099,15,6,6,27,695,21592,461,22748
88,2011-01,경기,광명시,72,75220,1487,76779,40,5511,373,5924,98,12683,1346,14127,11,28,39,78,221,93442,3245,96908
89,2011-01,경기,광주시,98,78864,733,79695,46,6354,3137,9537,149,21998,1896,24043,8,66,68,142,301,107282,5834,113417
90,2011-01,경기,구리시,56,45558,1173,46787,25,3465,271,3761,71,9112,849,10032,8,33,45,86,160,58168,2338,60666
91,2011-01,경기,군포시,83,71434,732,72249,38,4508,150,4696,87,9328,3380,12795,8,19,210,237,216,85289,4472,89977
92,2011-01,경기,김포시,126,72517,848,73491,46,5785,882,6713,120,17433,2272,19825,7,88,718,813,299,95823,4720,100842
93,2011-01,경기,남양주시,185,142103,1539,143827,89,12082,873,13044,198,31444,2873,34515,11,63,155,229,483,185692,5440,191615
94,2011-01,경기,동두천시,44,22783,606,23433,26,2174,44,2244,66,4966,329,5361,7,24,15,46,143,29947,994,31084
95,2011-01,경기,"부천시 소사구",34,49368,1332,50734,17,4166,473,4656,32,8743,686,9461,2,21,27,50,85,62298,2518,64901
96,2011-01,경기,"부천시 오정구",16,43555,650,44221,5,4529,481,5015,50,10557,1106,11713,1,25,134,160,72,58666,2371,61109
97,2011-01,경기,"부천시 원미구",133,110452,4039,114624,77,8238,1047,9362,125,17948,1943,20016,14,15,68,97,349,136653,7097,144099
98,2011-01,경기,"성남시 분당구",74,150840,2304,153218,43,5321,1296,6660,112,9274,1322,10708,9,31,64,104,238,165466,4986,170690
99,2011-01,경기,"성남시 수정구",88,45974,1159,47221,40,4213,107,4360,92,9305,953,10350,7,41,61,109,227,59533,2280,62040
100,2011-01,경기,"성남시 중원구",94,50911,1779,52784,35,5150,171,5356,84,10891,1312,12287,1,12,80,93,214,66964,3342,70520
101,2011-01,경기,"수원시 권선구",101,87739,2766,90606,61,6222,1462,7745,130,15434,1677,17241,2,34,205,241,294,109429,6110,115833
102,2011-01,경기,"수원시 영통구",76,77025,1350,78451,37,3746,205,3988,53,6668,912,7633,1,23,110,134,167,87462,2577,90206
103,2011-01,경기,"수원시 장안구",187,75997,1751,77935,121,5267,706,6094,97,10058,1423,11578,13,33,45,91,418,91355,3925,95698
104,2011-01,경기,"수원시 팔달구",156,53660,2922,56738,68,4275,257,4600,196,8423,1257,9876,16,15,58,89,436,66373,4494,71303
105,2011-01,경기,시흥시,131,115816,1897,117844,56,9511,301,9868,136,29719,3212,33067,13,55,229,297,336,155101,5639,161076
106,2011-01,경기,"안산시 단원구",135,96219,3919,100273,70,7892,1627,9589,181,20949,3115,24245,13,66,174,253,399,125126,8835,134360
107,2011-01,경기,"안산시 상록구",64,93442,1389,94895,33,7466,347,7846,42,18283,2097,20422,2,89,153,244,141,119280,3986,123407
108,2011-01,경기,안성시,92,53444,709,54245,51,4102,458,4611,101,14894,2897,17892,10,70,160,240,254,72510,4224,76988
109,2011-01,경기,"안양시 동안구",99,93197,2851,96147,68,5474,796,6338,131,10973,2222,13326,10,36,146,192,308,109680,6015,116003
110,2011-01,경기,"안양시 만안구",56,59760,1662,61478,37,4883,757,5677,42,10492,1246,11780,0,13,56,69,135,75148,3721,79004
111,2011-01,경기,양주시,114,52642,798,53554,43,5096,565,5704,112,13883,1239,15234,9,68,61,138,278,71689,2663,74630
112,2011-01,경기,양평군,117,27283,227,27627,63,2184,580,2827,125,8430,309,8864,8,41,32,81,313,37938,1148,39399
113,2011-01,경기,여주군,67,32620,399,33086,36,2763,628,3427,127,11414,5980,17521,8,109,302,419,238,46906,7309,54453
114,2011-01,경기,연천군,57,11166,292,11515,35,1122,90,1247,113,5384,5518,11015,6,61,492,559,211,17733,6392,24336
115,2011-01,경기,오산시,57,52184,858,53099,37,3806,310,4153,74,8158,1179,9411,7,48,45,100,175,64196,2392,66763
116,2011-01,경기,"용인시 기흥구",41,113416,5488,118945,34,6008,556,6598,21,9894,2399,12314,1,42,150,193,97,129360,8593,138050
117,2011-01,경기,"용인시 수지구",14,96901,401,97316,5,3852,161,4018,22,5390,832,6244,0,8,23,31,41,106151,1417,107609
118,2011-01,경기,"용인시 처인구",179,62588,2880,65647,59,5542,910,6511,207,16610,3623,20440,14,147,324,485,459,84887,7737,93083
119,2011-01,경기,의왕시,67,39028,352,39447,52,2470,83,2605,67,5712,1674,7453,7,34,289,330,193,47244,2398,49835
120,2011-01,경기,의정부시,157,96200,1722,98079,104,8237,497,8838,155,17097,1540,18792,9,47,67,123,425,121581,3826,125832
121,2011-01,경기,이천시,128,60868,1169,62165,46,4428,393,4867,110,14857,2847,17814,10,73,326,409,294,80226,4735,85255
122,2011-01,경기,파주시,131,103079,2754,105964,45,7873,2285,10203,104,21528,4232,25864,9,88,153,250,289,132568,9424,142281
123,2011-01,경기,평택시,182,129265,3354,132801,81,9735,1166,10982,181,26853,3664,30698,25,118,580,723,469,165971,8764,175204
124,2011-01,경기,포천시,113,45218,4040,49371,40,4585,742,5367,92,17589,2574,20255,7,93,276,376,252,67485,7632,75369
125,2011-01,경기,하남시,96,37826,515,38437,42,3169,267,3478,109,10460,794,11363,9,25,41,75,256,51480,1617,53353
126,2011-01,경기,화성시,233,166065,2074,168372,118,11598,1889,13605,196,35922,3477,39595,8,136,309,453,555,213721,7749,222025
127,2011-01,강원,계,1366,420577,14149,436092,865,33979,3003,37847,1684,123754,7991,133429,146,650,882,1678,4061,578960,26025,609046
128,2011-01,강원,강릉시,126,64678,2008,66812,86,4416,617,5119,186,15795,1107,17088,15,105,171,291,413,84994,3903,89310
129,2011-01,강원,고성군,37,7292,119,7448,25,691,39,755,49,2985,58,3092,1,14,51,66,112,10982,267,11361
130,2011-01,강원,동해시,79,26596,774,27449,38,2037,190,2265,84,5721,339,6144,11,29,108,148,212,34383,1411,36006
131,2011-01,강원,삼척시,85,18087,381,18553,52,1449,87,1588,114,5249,151,5514,7,33,13,53,258,24818,632,25708
132,2011-01,강원,속초시,95,21710,1111,22916,65,1848,176,2089,84,5095,266,5445,10,33,25,68,254,28686,1578,30518
133,2011-01,강원,양구군,31,5305,50,5386,18,457,35,510,37,2524,29,2590,2,11,5,18,88,8297,119,8504
134,2011-01,강원,양양군,28,7697,80,7805,11,648,11,670,55,3098,62,3215,3,20,6,29,97,11463,159,11719
135,2011-01,강원,영월군,85,10063,177,10325,50,1043,43,1136,101,4665,128,4894,10,16,22,48,246,15787,370,16403
136,2011-01,강원,원주시,154,90024,4545,94723,84,7148,493,7725,144,21601,1829,23574,17,80,108,205,399,118853,6975,126227
137,2011-01,강원,인제군,39,8378,103,8520,22,766,31,819,64,3876,79,4019,1,29,12,42,126,13049,225,13400
138,2011-01,강원,정선군,68,10372,198,10638,37,1108,64,1209,98,4849,181,5128,8,26,35,69,211,16355,478,17044
139,2011-01,강원,철원군,42,11614,168,11824,31,1181,34,1246,75,5773,102,5950,7,22,17,46,155,18590,321,19066
140,2011-01,강원,춘천시,229,79183,2685,82097,146,5188,567,5901,192,15354,2594,18140,17,92,209,318,584,99817,6055,106456
141,2011-01,강원,태백시,57,13889,537,14483,31,1307,167,1505,82,3313,159,3554,6,33,12,51,176,18542,875,19593
142,2011-01,강원,평창군,68,11618,656,12342,39,1253,43,1335,78,6616,144,6838,6,29,8,43,191,19516,851,20558
143,2011-01,강원,홍천군,62,17359,213,17634,65,1883,321,2269,111,8891,539,9541,17,30,55,102,255,28163,1128,29546
144,2011-01,강원,화천군,35,5755,75,5865,21,496,32,549,52,2414,34,2500,4,14,5,23,112,8679,146,8937
145,2011-01,강원,횡성군,46,10957,269,11272,44,1060,53,1157,78,5935,190,6203,4,34,20,58,172,17986,532,18690
146,2011-01,충북,계,845,433136,12237,446218,653,33874,3441,37968,1135,122241,10826,134202,93,571,1710,2374,2726,589822,28214,620762
147,2011-01,충북,괴산군,35,8550,55,8640,37,987,49,1073,58,5604,213,5875,1,13,37,51,131,15154,354,15639
148,2011-01,충북,단양군,37,7500,143,7680,25,773,67,865,55,3742,408,4205,5,13,235,253,122,12028,853,13003
149,2011-01,충북,보은군,39,7652,166,7857,32,776,61,869,71,4848,536,5455,7,30,59,96,149,13306,822,14277
150,2011-01,충북,영동군,55,11735,159,11949,45,952,78,1075,85,6366,107,6558,8,22,17,47,193,19075,361,19629
151,2011-01,충북,옥천군,45,13363,313,13721,28,1172,74,1274,38,5764,368,6170,1,18,43,62,112,20317,798,21227
152,2011-01,충북,음성군,48,27210,304,27562,32,2683,168,2883,59,10215,845,11119,10,47,75,132,149,40155,1392,41696
153,2011-01,충북,제천시,53,36804,956,37813,69,3065,244,3378,123,12117,1262,13502,8,80,565,653,253,52066,3027,55346
154,2011-01,충북,증평군,21,9125,165,9311,19,752,23,794,34,2576,535,3145,8,20,27,55,82,12473,750,13305
155,2011-01,충북,진천군,47,18957,205,19209,30,1625,123,1778,43,6349,513,6905,6,27,61,94,126,26958,902,27986
156,2011-01,충북,청원군,91,47366,441,47898,49,3630,712,4391,83,15044,1734,16861,5,77,165,247,228,66117,3052,69397
157,2011-01,충북,"청주시 상당구",143,68508,2082,70733,108,4972,327,5407,190,13044,1375,14609,14,48,106,168,455,86572,3890,90917
158,2011-01,충북,"청주시 흥덕구",120,118998,5823,124941,88,7540,1143,8771,90,19422,1742,21254,9,67,189,265,307,146027,8897,155231
159,2011-01,충북,충주시,111,57368,1425,58904,91,4947,372,5410,206,17150,1188,18544,11,109,131,251,419,79574,3116,83109
160,2011-01,충남,계,1164,577542,13396,592102,817,45026,4604,50447,1779,177815,14690,194284,131,764,1785,2680,3891,801147,34475,839513
161,2011-01,충남,계룡시,60,14493,118,14671,12,726,34,772,26,1553,235,1814,2,5,6,13,100,16777,393,17270
162,2011-01,충남,공주시,192,32357,1064,33613,113,2819,313,3245,165,12050,527,12742,8,65,57,130,478,47291,1961,49730
163,2011-01,충남,금산군,40,14066,359,14465,31,1586,264,1881,74,6696,492,7262,4,29,42,75,149,22377,1157,23683
164,2011-01,충남,논산시,64,31137,634,31835,59,2990,402,3451,110,13714,963,14787,11,58,38,107,244,47899,2037,50180
165,2011-01,충남,당진군,68,43654,455,44177,44,2991,233,3268,114,14229,1652,15995,6,76,451,533,232,60950,2791,63973
166,2011-01,충남,보령시,71,27149,376,27596,46,2269,161,2476,109,10690,526,11325,8,69,131,208,234,40177,1194,41605
167,2011-01,충남,부여군,63,16153,305,16521,39,1681,321,2041,106,9616,347,10069,4,19,28,51,212,27469,1001,28682
168,2011-01,충남,서산시,84,44943,1027,46054,73,3443,321,3837,156,14370,1265,15791,15,60,177,252,328,62816,2790,65934
169,2011-01,충남,서천군,50,14531,203,14784,27,988,79,1094,85,6417,480,6982,2,25,74,101,164,21961,836,22961
170,2011-01,충남,아산시,71,80324,2031,82426,66,6027,442,6535,112,17043,2246,19401,12,85,189,286,261,103479,4908,108648
171,2011-01,충남,연기군,37,22679,291,23007,26,1745,106,1877,78,6978,772,7828,7,37,41,85,148,31439,1210,32797
172,2011-01,충남,예산군,68,22242,1501,23811,32,1950,344,2326,125,9666,493,10284,6,40,88,134,231,33898,2426,36555
173,2011-01,충남,"천안시 동남구",58,73139,2198,75395,48,5469,663,6180,82,15563,1747,17392,16,65,191,272,204,94236,4799,99239
174,2011-01,충남,"천안시 서북구",88,96330,2166,98584,93,6486,546,7125,185,16767,1692,18644,8,49,103,160,374,119632,4507,124513
175,2011-01,충남,청양군,40,7074,85,7199,41,665,83,789,76,4343,412,4831,8,27,71,106,165,12109,651,12925
176,2011-01,충남,태안군,40,15422,207,15669,25,1414,93,1532,77,7850,207,8134,3,23,44,70,145,24709,551,25405
177,2011-01,충남,홍성군,70,21849,376,22295,42,1777,199,2018,99,10270,634,11003,11,32,54,97,222,33928,1263,35413
178,2011-01,전북,계,1072,488913,16641,506626,819,35255,3855,39929,1584,151802,13125,166511,116,723,1341,2180,3591,676693,34962,715246
179,2011-01,전북,고창군,50,12716,194,12960,46,1507,97,1650,94,8593,203,8890,6,28,50,84,196,22844,544,23584
180,2011-01,전북,군산시,130,76700,2747,79577,76,5146,468,5690,142,16989,2324,19455,11,97,443,551,359,98932,5982,105273
181,2011-01,전북,김제시,81,23317,721,24119,43,2084,188,2315,85,11384,905,12374,12,119,77,208,221,36904,1891,39016
182,2011-01,전북,남원시,84,19033,2441,21558,69,1620,135,1824,150,10161,414,10725,15,49,22,86,318,30863,3012,34193
183,2011-01,전북,무주군,42,5420,65,5527,35,551,40,626,54,3243,236,3533,4,12,26,42,135,9226,367,9728
184,2011-01,전북,부안군,50,13238,202,13490,44,1160,99,1303,90,7332,191,7613,8,38,26,72,192,21768,518,22478
185,2011-01,전북,순창군,39,6299,61,6399,53,551,5,609,70,3744,113,3927,2,13,15,30,164,10607,194,10965
186,2011-01,전북,완주군,43,22950,305,23298,40,1885,431,2356,96,9423,2093,11612,4,41,181,226,183,34299,3010,37492
187,2011-01,전북,익산시,103,81362,2446,83911,67,6191,543,6801,192,23333,2434,25959,8,81,133,222,370,110967,5556,116893
188,2011-01,전북,임실군,38,6207,69,6314,40,584,85,709,68,3724,221,4013,4,19,14,37,150,10534,389,11073
189,2011-01,전북,장수군,42,4836,38,4916,40,437,16,493,84,3345,95,3524,8,13,12,33,174,8631,161,8966
190,2011-01,전북,"전주시 덕진구",98,84817,3676,88591,66,4984,1094,6144,130,17127,2025,19282,7,105,178,290,301,107033,6973,114307
191,2011-01,전북,"전주시 완산구",149,98842,2197,101188,93,5609,398,6100,151,16541,1111,17803,15,36,107,158,408,121028,3813,125249
192,2011-01,전북,정읍시,72,26891,1429,28392,69,2400,204,2673,111,13146,695,13952,7,53,51,111,259,42490,2379,45128
193,2011-01,전북,진안군,51,6285,50,6386,38,546,52,636,67,3717,65,3849,5,19,6,30,161,10567,173,10901
194,2011-01,전남,계,1360,455332,11539,468231,1097,38269,4826,44192,1749,182067,16617,200433,144,1237,3484,4865,4350,676905,36466,717721
195,2011-01,전남,강진군,39,7962,108,8109,36,746,58,840,46,5104,791,5941,1,32,50,83,122,13844,1007,14973
196,2011-01,전남,고흥군,51,12610,204,12865,56,1370,126,1552,90,9053,353,9496,1,29,59,89,198,23062,742,24002
197,2011-01,전남,곡성군,41,6504,78,6623,28,625,40,693,44,3661,296,4001,1,27,37,65,114,10817,451,11382
198,2011-01,전남,광양시,64,44346,953,45363,43,3182,242,3467,67,10537,2729,13333,7,164,1143,1314,181,58229,5067,63477
199,2011-01,전남,구례군,28,5953,239,6220,25,496,56,577,41,3151,230,3422,0,17,24,41,94,9617,549,10260
200,2011-01,전남,나주시,75,21231,914,22220,74,2176,300,2550,126,12238,1456,13820,9,80,224,313,284,35725,2894,38903
201,2011-01,전남,담양군,46,11572,142,11760,35,1052,271,1358,74,6299,989,7362,15,54,68,137,170,18977,1470,20617
202,2011-01,전남,목포시,118,59984,2601,62703,85,4864,420,5369,139,12652,1415,14206,13,74,144,231,355,77574,4580,82509
203,2011-01,전남,무안군,83,17747,209,18039,59,1592,66,1717,70,8592,568,9230,2,49,155,206,214,27980,998,29192
204,2011-01,전남,보성군,51,9981,136,10168,52,962,72,1086,88,6223,380,6691,13,37,34,84,204,17203,622,18029
205,2011-01,전남,순천시,100,72604,1903,74607,83,5060,555,5698,129,19240,1351,20720,14,76,481,571,326,96980,4290,101596
206,2011-01,전남,신안군,57,7709,109,7875,40,657,55,752,70,6081,661,6812,9,37,27,73,176,14484,852,15512
207,2011-01,전남,여수시,119,73275,2103,75497,100,5634,612,6346,123,17970,2101,20194,21,186,525,732,363,97065,5341,102769
208,2011-01,전남,영광군,40,12335,195,12570,38,1004,140,1182,75,6623,351,7049,8,39,10,57,161,20001,696,20858
209,2011-01,전남,영암군,70,15460,147,15677,41,1468,50,1559,95,8263,1004,9362,9,111,193,313,215,25302,1394,26911
210,2011-01,전남,완도군,54,9256,178,9488,37,845,72,954,72,6971,188,7231,0,34,2,36,163,17106,440,17709
211,2011-01,전남,장성군,45,11468,477,11990,31,1028,126,1185,51,5785,514,6350,1,30,117,148,128,18311,1234,19673
212,2011-01,전남,장흥군,36,8515,154,8705,38,755,45,838,52,5560,275,5887,1,29,17,47,127,14859,491,15477
213,2011-01,전남,진도군,35,6856,192,7083,22,661,54,737,51,4626,127,4804,1,21,11,33,109,12164,384,12657
214,2011-01,전남,함평군,38,7649,101,7788,34,752,71,857,45,4858,93,4996,1,25,13,39,118,13284,278,13680
215,2011-01,전남,해남군,65,15812,245,16122,66,1821,73,1960,112,11834,217,12163,14,37,14,65,257,29504,549,30310
216,2011-01,전남,화순군,105,16503,151,16759,74,1519,1322,2915,89,6746,528,7363,3,49,136,188,271,24817,2137,27225
217,2011-01,경북,계,1716,761345,15202,778263,1275,54459,4839,60573,2159,245834,19938,267931,146,1223,3641,5010,5296,1062861,43620,1111777
218,2011-01,경북,경산시,135,72752,980,73867,80,4863,319,5262,118,19211,1710,21039,11,64,145,220,344,96890,3154,100388
219,2011-01,경북,경주시,137,79611,1808,81556,105,5934,476,6515,207,22575,1535,24317,7,131,276,414,456,108251,4095,112802
220,2011-01,경북,고령군,47,10169,72,10288,21,819,47,887,45,5104,193,5342,1,31,21,53,114,16123,333,16570
221,2011-01,경북,구미시,112,126627,3325,130064,85,8754,658,9497,170,24076,2314,26560,10,75,242,327,377,159532,6539,166448
222,2011-01,경북,군위군,46,6221,39,6306,29,481,21,531,19,3823,210,4052,1,19,10,30,95,10544,280,10919
223,2011-01,경북,김천시,60,34693,631,35384,64,2873,185,3122,106,13838,698,14642,4,67,53,124,234,51471,1567,53272
224,2011-01,경북,문경시,64,18038,418,18520,43,1514,113,1670,84,8030,351,8465,6,35,34,75,197,27617,916,28730
225,2011-01,경북,봉화군,43,7148,70,7261,31,609,28,668,45,5231,104,5380,2,25,10,37,121,13013,212,13346
226,2011-01,경북,상주시,71,24754,516,25341,73,1913,240,2226,112,13776,876,14764,8,61,106,175,264,40504,1738,42506
227,2011-01,경북,성주군,48,12525,77,12650,34,987,74,1095,56,8098,774,8928,1,50,82,133,139,21660,1007,22806
228,2011-01,경북,안동시,98,43381,942,44421,109,3165,230,3504,164,15958,1254,17376,19,76,148,243,390,62580,2574,65544
229,2011-01,경북,영덕군,58,8792,99,8949,38,786,46,870,63,5021,90,5174,2,18,8,28,161,14617,243,15021
230,2011-01,경북,영양군,38,3946,38,4022,31,283,18,332,46,2662,52,2760,1,9,1,11,116,6900,109,7125
231,2011-01,경북,영주시,73,28871,574,29518,53,2263,145,2461,130,12803,780,13713,11,61,69,141,267,43998,1568,45833
232,2011-01,경북,영천시,75,28065,514,28654,63,2225,282,2570,84,13001,1584,14669,6,67,318,391,228,43358,2698,46284
233,2011-01,경북,예천군,58,10372,189,10619,38,850,55,943,52,6293,144,6489,8,28,16,52,156,17543,404,18103
234,2011-01,경북,울릉군,39,2317,80,2436,10,199,84,293,41,1153,30,1224,2,8,0,10,92,3677,194,3963
235,2011-01,경북,울진군,58,12677,167,12902,40,992,95,1127,75,5006,73,5154,5,39,13,57,178,18714,348,19240
236,2011-01,경북,의성군,70,12809,137,13016,75,1027,58,1160,85,9113,670,9868,7,44,94,145,237,22993,959,24189
237,2011-01,경북,청도군,44,11286,108,11438,32,905,43,980,60,5729,295,6084,0,20,12,32,136,17940,458,18534
238,2011-01,경북,청송군,45,6198,52,6295,55,428,31,514,56,4087,132,4275,2,21,9,32,158,10734,224,11116
239,2011-01,경북,칠곡군,107,39188,267,39562,43,2687,421,3151,87,10042,597,10726,17,40,146,203,254,51957,1431,53642
240,2011-01,경북,"포항시 남구",83,80813,1599,82495,47,5036,612,5695,157,15955,4653,20765,6,172,1684,1862,293,101976,8548,110817
241,2011-01,경북,"포항시 북구",107,80092,2500,82699,76,4866,558,5500,97,15249,819,16165,9,62,144,215,289,100269,4021,104579
242,2011-01,경남,계,1671,1003490,45206,1050367,1332,63807,7804,72943,2077,236614,20606,259297,136,1101,3797,5034,5216,1305012,77413,1387641
243,2011-01,경남,고성군,57,13870,245,14172,48,1202,88,1338,72,5823,140,6035,4,28,39,71,181,20923,512,21616
244,2011-01,경남,거제시,59,64286,1320,65665,58,4032,422,4512,99,10231,259,10589,9,76,61,146,225,78625,2062,80912
245,2011-01,경남,거창군,56,14516,211,14783,47,1062,163,1272,75,7042,237,7354,7,49,165,221,185,22669,776,23630
246,2011-01,경남,김해시,126,151345,2170,153641,128,10427,566,11121,163,35713,2625,38501,14,164,368,546,431,197649,5729,203809
247,2011-01,경남,남해군,50,9266,216,9532,48,809,120,977,78,4758,135,4971,7,15,19,41,183,14848,490,15521
248,2011-01,경남,밀양시,84,27835,608,28527,75,2267,232,2574,99,11707,2880,14686,5,45,574,624,263,41854,4294,46411
249,2011-01,경남,사천시,64,30717,1025,31806,54,2088,197,2339,117,9250,339,9706,8,31,56,95,243,42086,1617,43946
250,2011-01,경남,산청군,47,8046,134,8227,46,669,32,747,55,5055,490,5600,3,80,149,232,151,13850,805,14806
251,2011-01,경남,양산시,105,71483,1163,72751,63,5850,844,6757,119,16532,4695,21346,9,112,1013,1134,296,93977,7715,101988
252,2011-01,경남,의령군,41,6804,89,6934,28,565,43,636,56,3469,752,4277,1,14,166,181,126,10852,1050,12028
253,2011-01,경남,진주시,145,89684,2566,92395,138,5544,1018,6700,190,24872,2076,27138,12,90,233,335,485,120190,5893,126568
254,2011-01,경남,창녕군,56,15826,437,16319,49,1378,132,1559,67,7959,151,8177,6,28,30,64,178,25191,750,26119
255,2011-01,경남,"창원시 마산합포구",84,51647,1689,53420,45,3444,786,4275,125,10605,892,11622,9,37,88,134,263,65733,3455,69451
256,2011-01,경남,"창원시 마산회원구",50,79052,2948,82050,24,4136,330,4490,36,13230,1449,14715,1,58,130,189,111,96476,4857,101444
257,2011-01,경남,"창원시 성산구",37,149161,22809,172007,13,5668,1574,7255,66,13214,539,13819,0,56,127,183,116,168099,25049,193264
258,2011-01,경남,"창원시 의창구",277,80309,5264,85850,212,4820,395,5427,207,17598,1240,19045,11,62,178,251,707,102789,7077,110573
259,2011-01,경남,"창원시 진해구",56,53414,725,54195,23,3212,187,3422,54,6642,315,7011,8,25,53,86,141,63293,1280,64714
260,2011-01,경남,통영시,94,32136,1034,33264,66,2663,306,3035,97,7698,201,7996,7,32,36,75,264,42529,1577,44370
261,2011-01,경남,하동군,36,11467,127,11630,55,875,39,969,85,6380,212,6677,5,14,59,78,181,18736,437,19354
262,2011-01,경남,함안군,53,20205,158,20416,32,1570,181,1783,54,8013,436,8503,2,42,158,202,141,29830,933,30904
263,2011-01,경남,함양군,46,11628,147,11821,35,683,76,794,84,4772,128,4984,3,27,16,46,168,17110,367,17645
264,2011-01,경남,합천군,48,10793,121,10962,45,843,73,961,79,6051,415,6545,5,16,79,100,177,17703,688,18568
265,2011-01,제주,계,434,151827,16955,169216,314,14679,3888,18881,654,59818,2685,63157,59,268,223,550,1461,226592,23751,251804
266,2011-01,제주,서귀포시,114,40242,1846,42202,83,4164,192,4439,189,22616,407,23212,27,82,48,157,413,67104,2493,70010
267,2011-01,제주,제주시,320,111585,15109,127014,231,10515,3696,14442,465,37202,2278,39945,32,186,175,393,1048,159488,21258,181794
268,2011-02,서울,계,3977,2294609,147166,2445752,2484,156597,17293,176374,3712,309854,52781,366347,314,1059,2560,3933,10487,2762119,219800,2992406
269,2011-02,서울,강남구,164,192824,31413,224401,86,8185,1731,10002,161,17322,1633,19116,21,88,133,242,432,218419,34910,253761
270,2011-02,서울,강동구,82,107657,6245,113984,50,8157,708,8915,115,15497,2107,17719,9,33,157,199,256,131344,9217,140817
271,2011-02,서울,강북구,103,55247,2582,57932,48,5172,727,5947,141,8648,1438,10227,10,15,16,41,302,69082,4763,74147
272,2011-02,서울,강서구,114,132650,15915,148679,58,9704,1259,11021,166,18789,2673,21628,13,80,88,181,351,161223,19935,181509
273,2011-02,서울,관악구,143,94320,3562,98025,90,6988,320,7398,156,12233,1982,14371,7,14,92,113,396,113555,5956,119907
274,2011-02,서울,광진구,105,72275,2735,75115,50,5285,346,5681,154,10690,1634,12478,9,19,54,82,318,88269,4769,93356
275,2011-02,서울,구로구,90,94827,16984,111901,61,7097,1360,8518,128,15843,2199,18170,8,32,47,87,287,117799,20590,138676
276,2011-02,서울,금천구,25,51942,2161,54128,13,4790,433,5236,59,11085,1991,13135,1,28,30,59,98,67845,4615,72558
277,2011-02,서울,노원구,90,124057,6868,131015,60,8504,805,9369,129,13396,1841,15366,9,21,77,107,288,145978,9591,155857
278,2011-02,서울,도봉구,74,70903,5634,76611,57,5590,589,6236,94,9880,1203,11177,8,15,69,92,233,86388,7495,94116
279,2011-02,서울,동대문구,140,68049,3030,71219,74,5509,240,5823,137,11978,2221,14336,10,32,56,98,361,85568,5547,91476
280,2011-02,서울,동작구,97,79579,1548,81224,55,4962,174,5191,144,8868,1315,10327,14,17,47,78,310,93426,3084,96820
281,2011-02,서울,마포구,109,86528,3177,89814,60,5783,653,6496,168,11435,2436,14039,17,59,143,219,354,103805,6409,110568
282,2011-02,서울,서대문구,199,62321,2629,65149,69,4560,408,5037,148,7668,1522,9338,10,18,55,83,426,74567,4614,79607
283,2011-02,서울,서초구,370,138499,6896,145765,177,6205,792,7174,182,13530,4744,18456,13,100,102,215,742,158334,12534,171610
284,2011-02,서울,성동구,109,68049,2831,70989,56,4368,340,4764,137,9972,1600,11709,8,21,82,111,310,82410,4853,87573
285,2011-02,서울,성북구,115,92283,2786,95184,62,6951,964,7977,137,11105,1738,12980,9,23,27,59,323,110362,5515,116200
286,2011-02,서울,송파구,134,172103,5433,177670,103,9530,1410,11043,156,21701,3562,25419,8,52,144,204,401,203386,10549,214336
287,2011-02,서울,양천구,135,114642,5261,120038,63,7512,920,8495,141,15023,2647,17811,9,78,299,386,348,137255,9127,146730
288,2011-02,서울,영등포구,147,104343,4955,109445,61,7458,559,8078,148,19698,4573,24419,16,183,473,672,372,131682,10560,142614
289,2011-02,서울,용산구,232,62729,835,63796,65,3711,77,3853,162,6918,996,8076,12,10,48,70,471,73368,1956,75795
290,2011-02,서울,은평구,104,90701,3755,94560,64,7253,747,8064,117,12641,1642,14400,7,23,53,83,292,110618,6197,117107
291,2011-02,서울,종로구,719,37527,684,38930,539,3167,438,4144,332,5752,685,6769,58,15,18,91,1648,46461,1825,49934
292,2011-02,서울,중구,300,46282,3773,50355,419,3332,336,4087,183,6466,1776,8425,15,64,90,169,917,56144,5975,63036
293,2011-02,서울,중랑구,77,74272,5474,79823,44,6824,957,7825,117,13716,2623,16456,13,19,160,192,251,94831,9214,104296
294,2011-02,부산,계,1262,856960,35602,893824,843,57858,5597,64298,1479,155591,31948,189018,104,732,7269,8105,3688,1071141,80416,1155245
295,2011-02,부산,강서구,62,20810,2679,23551,41,1681,168,1890,110,9149,1596,10855,10,140,390,540,223,31780,4833,36836
296,2011-02,부산,중구,107,13493,212,13812,35,863,221,1119,73,2183,3683,5939,10,76,1215,1301,225,16615,5331,22171
297,2011-02,부산,금정구,41,56898,3297,60236,33,4352,724,5109,108,11051,2904,14063,10,17,562,589,192,72318,7487,79997
298,2011-02,부산,기장군,29,28227,580,28836,25,2410,154,2589,72,6993,317,7382,5,30,45,80,131,37660,1096,38887
299,2011-02,부산,남구,37,64048,2158,66243,33,4330,369,4732,59,10214,4812,15085,4,72,1616,1692,133,78664,8955,87752
300,2011-02,부산,동구,38,31757,3007,34802,24,1793,290,2107,78,3882,3796,7756,6,14,956,976,146,37446,8049,45641
301,2011-02,부산,동래구,25,63083,1619,64727,10,4422,473,4905,73,12010,1410,13493,1,31,146,178,109,79546,3648,83303
302,2011-02,부산,부산진구,58,103736,5155,108949,21,6263,648,6932,139,15955,1571,17665,1,40,270,311,219,125994,7644,133857
303,2011-02,부산,북구,33,68150,1394,69577,9,4857,147,5013,70,13474,1392,14936,2,26,81,109,114,86507,3014,89635
304,2011-02,부산,사상구,38,60182,4070,64290,37,4431,430,4898,101,16942,2041,19084,8,95,244,347,184,81650,6785,88619
305,2011-02,부산,사하구,24,78042,4677,82743,23,5683,494,6200,99,15191,2208,17498,6,45,222,273,152,98961,7601,106714
306,2011-02,부산,서구,34,19935,397,20366,16,1747,29,1792,58,4179,542,4779,0,9,34,43,108,25870,1002,26980
307,2011-02,부산,수영구,32,51463,1567,53062,19,2860,275,3154,93,6534,1011,7638,7,21,219,247,151,60878,3072,64101
308,2011-02,부산,연제구,628,63771,1357,65756,471,3549,355,4375,171,8855,1887,10913,21,67,699,787,1291,76242,4298,81831
309,2011-02,부산,영도구,32,24401,1468,25901,26,2010,265,2301,82,4582,773,5437,8,18,95,121,148,31011,2601,33760
310,2011-02,부산,해운대구,44,108964,1965,110973,20,6607,555,7182,93,14397,2005,16495,5,31,475,511,162,129999,5000,135161
311,2011-02,대구,계,696,722049,23873,746618,558,40728,3927,45213,998,142383,17896,161277,72,429,1057,1558,2324,905589,46753,954666
312,2011-02,대구,중구,74,27712,738,28524,113,1641,329,2083,102,4455,744,5301,17,7,5,29,306,33815,1816,35937
313,2011-02,대구,남구,56,43810,1283,45149,32,2705,113,2850,62,7993,518,8573,5,45,17,67,155,54553,1931,56639
314,2011-02,대구,동구,80,93638,6530,100248,61,5771,612,6444,110,19929,2728,22767,9,55,215,279,260,119393,10085,129738
315,2011-02,대구,북구,111,127746,3415,131272,74,7253,610,7937,177,29489,3917,33583,8,67,222,297,370,164555,8164,173089
316,2011-02,대구,서구,49,51084,2274,53407,39,3557,344,3940,93,13416,1624,15133,8,76,129,213,189,68133,4371,72693
317,2011-02,대구,달서구,125,179871,5343,185339,67,9739,706,10512,159,34046,5289,39494,9,87,240,336,360,223743,11578,235681
318,2011-02,대구,달성군,60,52395,732,53187,51,3607,288,3946,116,14128,1853,16097,5,42,200,247,232,70172,3073,73477
319,2011-02,대구,수성구,141,145793,3558,149492,121,6455,925,7501,179,18927,1223,20329,11,50,29,90,452,171225,5735,177412
320,2011-02,인천,계,1140,684162,22742,708044,698,54113,5091,59902,959,133652,25499,160110,82,715,3733,4530,2879,872642,57065,932586
321,2011-02,인천,중구,205,26070,544,26819,102,2361,354,2817,132,6338,8019,14489,12,212,1554,1778,451,34981,10471,45903
322,2011-02,인천,남구,136,99744,8694,108574,81,8235,921,9237,122,18414,3690,22226,5,179,675,859,344,126572,13980,140896
323,2011-02,인천,동구,18,18703,770,19491,20,1520,68,1608,41,3883,1415,5339,0,17,351,368,79,24123,2604,26806
324,2011-02,인천,서구,113,107024,4174,111311,56,8943,781,9780,98,23512,3723,27333,13,73,386,472,280,139552,9064,148896
325,2011-02,인천,강화군,68,16543,209,16820,42,1617,257,1916,84,7125,681,7890,6,23,57,86,200,25308,1204,26712
326,2011-02,인천,계양구,81,81397,1739,83217,36,6863,593,7492,89,15435,2125,17649,11,38,146,195,217,103733,4603,108553
327,2011-02,인천,남동구,257,123871,2285,126413,224,9394,425,10043,150,24687,2367,27204,21,85,305,411,652,158037,5382,164071
328,2011-02,인천,부평구,107,129986,2489,132582,57,9943,1019,11019,89,21968,2018,24075,9,50,136,195,262,161947,5662,167871
329,2011-02,인천,연수구,122,76087,1808,78017,54,4661,629,5344,86,9871,1437,11394,1,29,119,149,263,90648,3993,94904
330,2011-02,인천,옹진군,33,4737,30,4800,26,576,44,646,68,2419,24,2511,4,9,4,17,131,7741,102,7974
331,2011-02,광주,계,511,392286,16124,408921,349,25409,2262,28020,610,74454,9614,84678,49,297,1134,1480,1519,492446,29134,523099
332,2011-02,광주,남구,47,54401,1594,56042,37,3570,365,3972,57,9457,753,10267,5,30,72,107,146,67458,2784,70388
333,2011-02,광주,동구,62,24377,689,25128,40,1766,109,1915,77,4531,229,4837,6,11,40,57,185,30685,1067,31937
334,2011-02,광주,북구,122,122459,4905,127486,72,7956,879,8907,175,23825,2845,26845,12,80,441,533,381,154320,9070,163771
335,2011-02,광주,서구,176,89070,7138,96384,130,5077,642,5849,160,14800,1064,16024,10,45,101,156,476,108992,8945,118413
336,2011-02,광주,광산구,104,101979,1798,103881,70,7040,267,7377,141,21841,4723,26705,16,131,480,627,331,130991,7268,138590
337,2011-02,대전,계,542,446838,14507,461887,362,27170,2032,29564,602,74012,9179,83793,60,418,776,1254,1566,548438,26494,576498
338,2011-02,대전,중구,96,71791,4990,76877,43,4876,650,5569,82,13332,1365,14779,8,44,69,121,229,90043,7074,97346
339,2011-02,대전,동구,23,61669,2694,64386,28,4590,340,4958,89,14408,1109,15606,10,147,95,252,150,80814,4238,85202
340,2011-02,대전,서구,256,151903,3415,155574,163,8562,274,8999,208,20996,1379,22583,18,96,170,284,645,181557,5238,187440
341,2011-02,대전,대덕구,89,61149,1814,63052,50,4309,395,4754,97,14052,3235,17384,15,71,218,304,251,79581,5662,85494
342,2011-02,대전,유성구,78,100326,1594,101998,78,4833,373,5284,126,11224,2091,13441,9,60,224,293,291,116443,4282,121016
343,2011-02,울산,계,436,351452,7697,359585,280,16937,1587,18804,491,56650,7617,64758,41,327,1505,1873,1248,425366,18406,445020
344,2011-02,울산,중구,75,68636,1374,70085,60,3285,315,3660,86,11142,650,11878,9,15,49,73,230,83078,2388,85696
345,2011-02,울산,남구,198,110314,3086,113598,110,4896,476,5482,190,17881,2997,21068,11,113,511,635,509,133204,7070,140783
346,2011-02,울산,동구,48,46771,437,47256,34,2130,184,2348,63,4623,211,4897,9,56,20,85,154,53580,852,54586
347,2011-02,울산,북구,32,61198,1711,62941,16,2782,184,2982,55,8184,1328,9567,2,38,413,453,105,72202,3636,75943
348,2011-02,울산,울주군,83,64533,1089,65705,60,3844,428,4332,97,14820,2431,17348,10,105,512,627,250,83302,4460,88012
349,2011-02,경기,계,4790,3191534,73521,3269845,2279,231572,29378,263229,4716,592592,85643,682951,355,2235,6752,9342,12140,4017933,195294,4225367
350,2011-02,경기,가평군,96,15030,165,15291,53,1610,334,1997,106,5205,155,5466,7,40,28,75,262,21885,682,22829
351,2011-02,경기,"고양시 덕양구",134,96892,913,97939,75,7268,260,7603,191,16575,1327,18093,9,48,72,129,409,120783,2572,123764
352,2011-02,경기,"고양시 일산동구",87,80044,3888,84019,65,4805,910,5780,76,10921,1116,12113,7,43,79,129,235,95813,5993,102041
353,2011-02,경기,"고양시 일산서구",15,79865,1429,81309,9,4587,533,5129,34,8843,731,9608,7,26,32,65,65,93321,2725,96111
354,2011-02,경기,과천시,494,18635,351,19480,99,1050,13,1162,88,1925,89,2102,15,7,6,28,696,21617,459,22772
355,2011-02,경기,광명시,71,75817,1493,77381,39,5516,375,5930,99,12741,1353,14193,11,27,39,77,220,94101,3260,97581
356,2011-02,경기,광주시,98,79263,736,80097,46,6330,3172,9548,150,21976,1907,24033,9,67,69,145,303,107636,5884,113823
357,2011-02,경기,구리시,55,45604,1179,46838,25,3479,271,3775,71,9102,852,10025,8,33,45,86,159,58218,2347,60724
358,2011-02,경기,군포시,83,71497,734,72314,37,4476,148,4661,88,9343,3400,12831,8,19,211,238,216,85335,4493,90044
359,2011-02,경기,김포시,127,73164,863,74154,45,5810,890,6745,123,17511,2261,19895,6,85,722,813,301,96570,4736,101607
360,2011-02,경기,남양주시,184,142603,1540,144327,90,12059,851,13000,199,31474,2874,34547,11,65,158,234,484,186201,5423,192108
361,2011-02,경기,동두천시,44,22875,606,23525,26,2152,44,2222,67,4976,337,5380,7,25,15,47,144,30028,1002,31174
362,2011-02,경기,"부천시 소사구",35,49453,1336,50824,17,4157,472,4646,33,8731,678,9442,2,22,27,51,87,62363,2513,64963
363,2011-02,경기,"부천시 오정구",16,43574,652,44242,5,4517,480,5002,51,10601,1112,11764,1,23,137,161,73,58715,2381,61169
364,2011-02,경기,"부천시 원미구",134,110475,4003,114612,80,8181,1040,9301,126,17938,1945,20009,14,16,69,99,354,136610,7057,144021
365,2011-02,경기,"성남시 분당구",74,151223,2305,153602,43,5275,1277,6595,112,9265,1315,10692,9,31,67,107,238,165794,4964,170996
366,2011-02,경기,"성남시 수정구",88,45946,1154,47188,40,4194,107,4341,92,9285,954,10331,7,42,66,115,227,59467,2281,61975
367,2011-02,경기,"성남시 중원구",94,51047,1767,52908,35,5106,171,5312,84,10885,1306,12275,1,13,80,94,214,67051,3324,70589
368,2011-02,경기,"수원시 권선구",102,87973,2771,90846,61,6197,1447,7705,130,15464,1688,17282,2,36,209,247,295,109670,6115,116080
369,2011-02,경기,"수원시 영통구",77,77283,1351,78711,36,3740,206,3982,53,6685,917,7655,1,23,110,134,167,87731,2584,90482
370,2011-02,경기,"수원시 장안구",187,76166,1770,78123,121,5258,711,6090,100,10074,1428,11602,13,31,45,89,421,91529,3954,95904
371,2011-02,경기,"수원시 팔달구",156,53641,2961,56758,64,4262,253,4579,192,8404,1249,9845,16,15,58,89,428,66322,4521,71271
372,2011-02,경기,시흥시,131,116034,1889,118054,56,9447,308,9811,137,29715,3229,33081,13,62,229,304,337,155258,5655,161250
373,2011-02,경기,"안산시 단원구",135,96623,3887,100645,76,7881,1632,9589,180,21005,3136,24321,13,72,175,260,404,125581,8830,134815
374,2011-02,경기,"안산시 상록구",64,93576,1392,95032,33,7441,351,7825,42,18221,2106,20369,2,88,159,249,141,119326,4008,123475
375,2011-02,경기,안성시,93,53719,704,54516,51,4106,460,4617,101,14916,2901,17918,9,73,161,243,254,72814,4226,77294
376,2011-02,경기,"안양시 동안구",99,93250,2861,96210,72,5488,793,6353,131,10954,2226,13311,10,35,139,184,312,109727,6019,116058
377,2011-02,경기,"안양시 만안구",56,59746,1655,61457,36,4855,756,5647,42,10517,1290,11849,0,13,56,69,134,75131,3757,79022
378,2011-02,경기,양주시,114,52846,807,53767,43,5085,543,5671,110,13846,1237,15193,9,69,63,141,276,71846,2650,74772
379,2011-02,경기,양평군,116,27477,227,27820,63,2197,587,2847,126,8477,319,8922,8,39,32,79,313,38190,1165,39668
380,2011-02,경기,여주군,67,32648,400,33115,36,2763,629,3428,127,11432,5975,17534,8,109,304,421,238,46952,7308,54498
381,2011-02,경기,연천군,57,11173,281,11511,36,1120,90,1246,111,5366,5520,10997,6,62,491,559,210,17721,6382,24313
382,2011-02,경기,오산시,64,52558,862,53484,39,3821,313,4173,76,8161,1173,9410,7,50,44,101,186,64590,2392,67168
383,2011-02,경기,"용인시 기흥구",41,113935,5292,119268,33,6009,543,6585,21,9924,2413,12358,1,42,151,194,96,129910,8399,138405
384,2011-02,경기,"용인시 수지구",14,97444,384,97842,5,3872,160,4037,22,5386,795,6203,0,8,24,32,41,106710,1363,108114
385,2011-02,경기,"용인시 처인구",179,62684,2782,65645,59,5498,909,6466,207,16631,3584,20422,14,144,325,483,459,84957,7600,93016
386,2011-02,경기,의왕시,67,39122,347,39536,51,2472,83,2606,68,5694,1656,7418,7,33,290,330,193,47321,2376,49890
387,2011-02,경기,의정부시,157,96217,1722,98096,104,8191,518,8813,155,17134,1551,18840,9,48,68,125,425,121590,3859,125874
388,2011-02,경기,이천시,129,61356,1165,62650,46,4434,392,4872,110,14836,2790,17736,10,75,326,411,295,80701,4673,85669
389,2011-02,경기,파주시,131,103135,2744,106010,45,7856,2301,10202,104,21493,4241,25838,9,91,154,254,289,132575,9440,142304
390,2011-02,경기,평택시,183,129791,3340,133314,80,9741,1156,10977,181,26932,3659,30772,26,123,589,738,470,166587,8744,175801
391,2011-02,경기,포천시,113,45429,4207,49749,40,4592,748,5380,93,17612,2563,20268,6,98,277,381,252,67731,7795,75778
392,2011-02,경기,하남시,96,37864,526,38486,42,3144,255,3441,109,10501,795,11405,9,25,43,77,256,51534,1619,53409
393,2011-02,경기,화성시,233,166837,2080,169150,122,11530,1886,13538,198,35915,3490,39603,8,139,308,455,561,214421,7764,222746
394,2011-02,강원,계,1369,421535,14091,436995,870,33826,3018,37714,1689,123790,7972,133451,147,655,863,1665,4075,579806,25944,609825
395,2011-02,강원,강릉시,125,64765,1984,66874,86,4403,613,5102,187,15811,1104,17102,15,107,169,291,413,85086,3870,89369
396,2011-02,강원,고성군,38,7286,117,7441,23,684,39,746,49,3000,57,3106,1,14,31,46,111,10984,244,11339
397,2011-02,강원,동해시,79,26573,769,27421,39,2025,189,2253,85,5713,335,6133,12,28,107,147,215,34339,1400,35954
398,2011-02,강원,삼척시,85,18104,383,18572,52,1439,89,1580,114,5245,149,5508,7,33,13,53,258,24821,634,25713
399,2011-02,강원,속초시,95,21788,1067,22950,66,1842,176,2084,86,5076,263,5425,10,33,25,68,257,28739,1531,30527
400,2011-02,강원,양구군,31,5315,50,5396,18,458,35,511,37,2537,29,2603,2,11,6,19,88,8321,120,8529
401,2011-02,강원,양양군,28,7710,82,7820,11,644,11,666,55,3099,61,3215,3,21,6,30,97,11474,160,11731
402,2011-02,강원,영월군,85,10071,177,10333,52,1040,44,1136,101,4654,127,4882,10,16,21,47,248,15781,369,16398
403,2011-02,강원,원주시,155,90416,4553,95124,85,7107,498,7690,142,21641,1831,23614,17,83,111,211,399,119247,6993,126639
404,2011-02,강원,인제군,40,8366,104,8510,22,761,31,814,64,3886,79,4029,1,29,12,42,127,13042,226,13395
405,2011-02,강원,정선군,68,10344,199,10611,38,1095,65,1198,99,4855,179,5133,8,25,35,68,213,16319,478,17010
406,2011-02,강원,철원군,41,11623,162,11826,31,1176,34,1241,75,5775,103,5953,7,22,17,46,154,18596,316,19066
407,2011-02,강원,춘천시,231,79402,2669,82302,145,5181,578,5904,192,15329,2594,18115,17,92,210,319,585,100004,6051,106640
408,2011-02,강원,태백시,57,13901,552,14510,31,1297,168,1496,82,3303,158,3543,6,33,12,51,176,18534,890,19600
409,2011-02,강원,평창군,68,11651,666,12385,39,1239,44,1322,78,6636,142,6856,6,29,8,43,191,19555,860,20606
410,2011-02,강원,홍천군,62,17467,213,17742,66,1878,319,2263,113,8880,538,9531,17,30,55,102,258,28255,1125,29638
411,2011-02,강원,화천군,36,5776,75,5887,21,490,32,543,51,2427,33,2511,4,15,5,24,112,8708,145,8965
412,2011-02,강원,횡성군,45,10977,269,11291,45,1067,53,1165,79,5923,190,6192,4,34,20,58,173,18001,532,18706
413,2011-02,충북,계,844,433918,12191,446953,651,33772,3440,37863,1137,122353,10869,134359,93,573,1723,2389,2725,590616,28223,621564
414,2011-02,충북,괴산군,35,8587,54,8676,37,973,49,1059,58,5617,214,5889,1,13,37,51,131,15190,354,15675
415,2011-02,충북,단양군,37,7542,143,7722,25,778,66,869,57,3739,411,4207,5,13,236,254,124,12072,856,13052
416,2011-02,충북,보은군,39,7653,167,7859,32,776,68,876,71,4847,544,5462,7,29,66,102,149,13305,845,14299
417,2011-02,충북,영동군,55,11740,162,11957,45,944,77,1066,84,6369,107,6560,8,23,17,48,192,19076,363,19631
418,2011-02,충북,옥천군,45,13355,310,13710,28,1152,72,1252,38,5775,369,6182,1,20,43,64,112,20302,794,21208
419,2011-02,충북,음성군,48,27217,309,27574,32,2658,175,2865,59,10216,845,11120,10,46,76,132,149,40137,1405,41691
420,2011-02,충북,제천시,53,36853,950,37856,69,3057,244,3370,123,12126,1264,13513,8,82,563,653,253,52118,3021,55392
421,2011-02,충북,증평군,21,9143,166,9330,19,751,25,795,35,2584,531,3150,8,19,27,54,83,12497,749,13329
422,2011-02,충북,진천군,47,18992,204,19243,30,1619,120,1769,43,6360,517,6920,6,29,62,97,126,27000,903,28029
423,2011-02,충북,청원군,90,47521,440,48051,49,3639,715,4403,82,15069,1738,16889,3,81,165,249,224,66310,3058,69592
424,2011-02,충북,"청주시 상당구",144,68715,2084,70943,106,4982,330,5418,190,13054,1384,14628,16,47,108,171,456,86798,3906,91160
425,2011-02,충북,"청주시 흥덕구",120,119204,5775,125099,88,7511,1130,8729,90,19397,1754,21241,9,64,193,266,307,146176,8852,155335
426,2011-02,충북,충주시,110,57396,1427,58933,91,4932,369,5392,207,17200,1191,18598,11,107,130,248,419,79635,3117,83171
427,2011-02,충남,계,1170,579824,13424,594418,820,44956,4617,50393,1802,177932,14812,194546,137,761,1796,2694,3929,803473,34649,842051
428,2011-02,충남,계룡시,60,14506,118,14684,11,730,36,777,26,1547,238,1811,2,5,6,13,99,16788,398,17285
429,2011-02,충남,공주시,193,32441,1064,33698,113,2809,304,3226,167,12067,532,12766,8,63,61,132,481,47380,1961,49822
430,2011-02,충남,금산군,40,14089,357,14486,32,1585,267,1884,74,6713,491,7278,4,30,42,76,150,22417,1157,23724
431,2011-02,충남,논산시,64,31214,639,31917,59,2998,403,3460,110,13757,964,14831,11,58,40,109,244,48027,2046,50317
432,2011-02,충남,당진군,68,43938,444,44450,44,2980,234,3258,114,14233,1653,16000,6,79,453,538,232,61230,2784,64246
433,2011-02,충남,보령시,71,27190,377,27638,46,2245,158,2449,113,10646,523,11282,9,69,130,208,239,40150,1188,41577
434,2011-02,충남,부여군,63,16182,306,16551,39,1668,323,2030,106,9583,356,10045,4,19,27,50,212,27452,1012,28676
435,2011-02,충남,서산시,84,45087,1023,46194,73,3437,321,3831,157,14431,1276,15864,16,60,185,261,330,63015,2805,66150
436,2011-02,충남,서천군,50,14569,203,14822,28,981,79,1088,87,6417,485,6989,2,24,75,101,167,21991,842,23000
437,2011-02,충남,아산시,71,80718,2013,82802,68,6050,444,6562,114,17079,2304,19497,12,82,187,281,265,103929,4948,109142
438,2011-02,충남,연기군,36,22812,289,23137,26,1750,106,1882,79,6991,781,7851,7,36,40,83,148,31589,1216,32953
439,2011-02,충남,예산군,67,22286,1497,23850,32,1951,348,2331,126,9658,491,10275,6,40,86,132,231,33935,2422,36588
440,2011-02,충남,"천안시 동남구",58,73465,2250,75773,48,5455,669,6172,83,15525,1757,17365,16,60,194,270,205,94505,4870,99580
441,2011-02,충남,"천안시 서북구",88,96893,2177,99158,93,6477,549,7119,189,16807,1695,18691,8,56,103,167,378,120233,4524,125135
442,2011-02,충남,청양군,40,7078,85,7203,41,667,78,786,77,4357,424,4858,8,27,71,106,166,12129,658,12953
443,2011-02,충남,태안군,46,15453,207,15706,26,1413,99,1538,81,7844,207,8132,6,21,43,70,159,24731,556,25446
444,2011-02,충남,홍성군,71,21903,375,22349,41,1760,199,2000,99,10277,635,11011,12,32,53,97,223,33972,1262,35457
445,2011-02,전북,계,1071,490684,16618,508373,823,35153,3883,39859,1586,151809,13169,166564,115,732,1364,2211,3595,678378,35034,717007
446,2011-02,전북,고창군,50,12767,196,13013,46,1509,95,1650,93,8615,204,8912,6,28,51,85,195,22919,546,23660
447,2011-02,전북,군산시,130,77062,2862,80054,76,5117,477,5670,142,17010,2338,19490,11,95,451,557,359,99284,6128,105771
448,2011-02,전북,김제시,81,23415,720,24216,43,2079,192,2314,85,11388,905,12378,12,120,77,209,221,37002,1894,39117
449,2011-02,전북,남원시,82,19118,2421,21621,68,1613,134,1815,150,10192,415,10757,14,48,22,84,314,30971,2992,34277
450,2011-02,전북,무주군,42,5421,65,5528,36,548,39,623,54,3238,238,3530,4,13,26,43,136,9220,368,9724
451,2011-02,전북,부안군,49,13271,202,13522,44,1149,101,1294,90,7351,189,7630,8,39,26,73,191,21810,518,22519
452,2011-02,전북,순창군,40,6290,61,6391,53,547,5,605,70,3734,122,3926,2,15,15,32,165,10586,203,10954
453,2011-02,전북,완주군,43,23038,306,23387,40,1880,448,2368,96,9413,2089,11598,4,40,178,222,183,34371,3021,37575
454,2011-02,전북,익산시,104,81682,2288,84074,67,6176,545,6788,193,23312,2441,25946,8,83,131,222,372,111253,5405,117030
455,2011-02,전북,임실군,37,6199,69,6305,42,585,86,713,68,3709,215,3992,4,19,15,38,151,10512,385,11048
456,2011-02,전북,장수군,42,4857,38,4937,40,441,16,497,84,3345,94,3523,8,12,12,32,174,8655,160,8989
457,2011-02,전북,"전주시 덕진구",98,84959,3705,88762,67,4960,1145,6172,130,17055,2019,19204,7,110,196,313,302,107084,7065,114451
458,2011-02,전북,"전주시 완산구",150,99354,2210,101714,93,5607,346,6046,151,16586,1130,17867,15,37,107,159,409,121584,3793,125786
459,2011-02,전북,정읍시,72,26951,1426,28449,69,2397,202,2668,112,13137,705,13954,7,54,51,112,260,42539,2384,45183
460,2011-02,전북,진안군,51,6300,49,6400,39,545,52,636,68,3724,65,3857,5,19,6,30,163,10588,172,10923
461,2011-02,전남,계,1377,456614,11550,469541,1101,38178,4839,44118,1759,182203,16624,200586,143,1229,3488,4860,4380,678224,36501,719105
462,2011-02,전남,강진군,39,7967,108,8114,37,740,60,837,48,5109,790,5947,1,32,50,83,125,13848,1008,14981
463,2011-02,전남,고흥군,51,12665,204,12920,56,1372,130,1558,90,9047,355,9492,1,28,61,90,198,23112,750,24060
464,2011-02,전남,곡성군,40,6534,77,6651,28,621,40,689,44,3671,305,4020,1,26,37,64,113,10852,459,11424
465,2011-02,전남,광양시,64,44481,954,45499,43,3171,242,3456,67,10584,2737,13388,7,164,1143,1314,181,58400,5076,63657
466,2011-02,전남,구례군,28,5964,249,6241,24,501,56,581,41,3163,230,3434,0,17,23,40,93,9645,558,10296
467,2011-02,전남,나주시,77,21228,919,22224,74,2154,305,2533,127,12224,1471,13822,9,81,225,315,287,35687,2920,38894
468,2011-02,전남,담양군,46,11552,145,11743,35,1045,278,1358,74,6304,981,7359,15,53,65,133,170,18954,1469,20593
469,2011-02,전남,목포시,128,60137,2605,62870,89,4851,423,5363,139,12620,1418,14177,13,75,144,232,369,77683,4590,82642
470,2011-02,전남,무안군,83,17838,210,18131,59,1601,65,1725,72,8593,572,9237,2,49,156,207,216,28081,1003,29300
471,2011-02,전남,보성군,51,9974,136,10161,51,954,71,1076,89,6191,379,6659,13,36,34,83,204,17155,620,17979
472,2011-02,전남,순천시,100,72837,1903,74840,83,5059,551,5693,129,19277,1357,20763,14,74,479,567,326,97247,4290,101863
473,2011-02,전남,신안군,56,7746,108,7910,40,655,57,752,70,6093,653,6816,9,37,28,74,175,14531,846,15552
474,2011-02,전남,여수시,119,73490,2085,75694,101,5607,606,6314,125,18010,2105,20240,21,183,529,733,366,97290,5325,102981
475,2011-02,전남,영광군,40,12340,195,12575,37,1005,136,1178,74,6619,354,7047,8,37,12,57,159,20001,697,20857
476,2011-02,전남,영암군,71,15523,147,15741,41,1470,52,1563,95,8299,995,9389,9,113,193,315,216,25405,1387,27008
477,2011-02,전남,완도군,54,9300,181,9535,37,851,75,963,72,6991,179,7242,0,34,2,36,163,17176,437,17776
478,2011-02,전남,장성군,48,11495,474,12017,31,1029,128,1188,56,5760,514,6330,1,29,117,147,136,18313,1233,19682
479,2011-02,전남,장흥군,40,8559,155,8754,41,752,45,838,50,5576,275,5901,0,30,17,47,131,14917,492,15540
480,2011-02,전남,진도군,35,6887,191,7113,22,662,53,737,51,4634,126,4811,1,21,11,33,109,12204,381,12694
481,2011-02,전남,함평군,37,7662,101,7800,35,745,71,851,45,4854,90,4989,1,24,13,38,118,13285,275,13678
482,2011-02,전남,해남군,65,15834,252,16151,66,1817,72,1955,112,11871,217,12200,14,37,14,65,257,29559,555,30371
483,2011-02,전남,화순군,105,16601,151,16857,71,1516,1323,2910,89,6713,521,7323,3,49,135,187,268,24879,2130,27277
484,2011-02,경북,계,1722,763393,15183,780298,1282,54281,4846,60409,2175,246080,19989,268244,151,1222,3643,5016,5330,1064976,43661,1113967
485,2011-02,경북,경산시,135,72878,952,73965,80,4819,319,5218,120,19144,1697,20961,11,64,144,219,346,96905,3112,100363
486,2011-02,경북,경주시,137,79747,1822,81706,105,5898,468,6471,205,22579,1543,24327,7,134,277,418,454,108358,4110,112922
487,2011-02,경북,고령군,47,10180,71,10298,21,818,50,889,48,5106,185,5339,1,31,21,53,117,16135,327,16579
488,2011-02,경북,구미시,112,127125,3321,130558,84,8744,664,9492,170,24118,2317,26605,10,75,248,333,376,160062,6550,166988
489,2011-02,경북,군위군,46,6238,39,6323,31,481,20,532,19,3822,207,4048,1,19,9,29,97,10560,275,10932
490,2011-02,경북,김천시,61,34777,640,35478,63,2870,184,3117,107,13861,697,14665,4,67,53,124,235,51575,1574,53384
491,2011-02,경북,문경시,64,18118,418,18600,43,1503,113,1659,83,8039,352,8474,6,36,34,76,196,27696,917,28809
492,2011-02,경북,봉화군,43,7146,70,7259,31,607,28,666,45,5246,102,5393,2,26,11,39,121,13025,211,13357
493,2011-02,경북,상주시,71,24832,516,25419,73,1916,241,2230,114,13786,873,14773,8,58,106,172,266,40592,1736,42594
494,2011-02,경북,성주군,48,12548,77,12673,34,983,72,1089,56,8111,780,8947,1,50,85,136,139,21692,1014,22845
495,2011-02,경북,안동시,98,43458,938,44494,108,3163,231,3502,165,16003,1260,17428,19,75,149,243,390,62699,2578,65667
496,2011-02,경북,영덕군,60,8830,99,8989,38,785,56,879,63,5031,88,5182,2,18,8,28,163,14664,251,15078
497,2011-02,경북,영양군,38,3956,38,4032,31,281,18,330,46,2674,51,2771,1,9,1,11,116,6920,108,7144
498,2011-02,경북,영주시,73,28954,573,29600,54,2251,144,2449,130,12814,777,13721,11,61,68,140,268,44080,1562,45910
499,2011-02,경북,영천시,74,28148,517,28739,63,2216,281,2560,84,13056,1638,14778,6,64,321,391,227,43484,2757,46468
500,2011-02,경북,예천군,58,10363,190,10611,38,847,58,943,53,6292,142,6487,13,29,16,58,162,17531,406,18099
501,2011-02,경북,울릉군,39,2330,80,2449,10,204,84,298,42,1156,30,1228,2,8,0,10,93,3698,194,3985
502,2011-02,경북,울진군,59,12693,168,12920,45,991,86,1122,79,5000,75,5154,5,40,14,59,188,18724,343,19255
503,2011-02,경북,의성군,70,12877,138,13085,77,1019,58,1154,88,9123,668,9879,7,42,92,141,242,23061,956,24259
504,2011-02,경북,청도군,45,11303,108,11456,32,899,43,974,59,5735,297,6091,0,20,12,32,136,17957,460,18553
505,2011-02,경북,청송군,46,6188,53,6287,55,433,31,519,55,4095,130,4280,2,21,9,32,158,10737,223,11118
506,2011-02,경북,칠곡군,107,39312,269,39688,44,2676,421,3141,89,10059,604,10752,17,42,145,204,257,52089,1439,53785
507,2011-02,경북,"포항시 남구",83,80948,1598,82629,47,5019,611,5677,158,15964,4663,20785,6,171,1688,1865,294,102102,8560,110956
508,2011-02,경북,"포항시 북구",108,80444,2488,83040,75,4858,565,5498,97,15266,813,16176,9,62,132,203,289,100630,3998,104917
509,2011-02,경남,계,1669,1008067,46054,1055790,1334,63721,7880,72935,2082,236995,20580,259657,136,1106,3799,5041,5221,1309889,78313,1393423
510,2011-02,경남,고성군,57,13838,247,14142,47,1199,89,1335,71,5832,139,6042,4,27,39,70,179,20896,514,21589
511,2011-02,경남,거제시,59,64495,1305,65859,58,4025,423,4506,99,10199,257,10555,9,76,64,149,225,78795,2049,81069
512,2011-02,경남,거창군,56,14581,212,14849,47,1067,163,1277,76,7046,239,7361,7,47,166,220,186,22741,780,23707
513,2011-02,경남,김해시,127,151803,2137,154067,132,10390,565,11087,162,35845,2638,38645,14,169,369,552,435,198207,5709,204351
514,2011-02,경남,남해군,49,9308,217,9574,49,808,120,977,78,4765,133,4976,7,15,19,41,183,14896,489,15568
515,2011-02,경남,밀양시,84,27873,608,28565,74,2251,230,2555,99,11732,2905,14736,5,44,575,624,262,41900,4318,46480
516,2011-02,경남,사천시,64,30833,1031,31928,54,2094,205,2353,117,9261,335,9713,8,28,56,92,243,42216,1627,44086
517,2011-02,경남,산청군,46,8085,134,8265,46,666,32,744,55,5063,488,5606,3,82,148,233,150,13896,802,14848
518,2011-02,경남,양산시,105,71772,1178,73055,63,5835,837,6735,119,16601,4647,21367,9,116,1011,1136,296,94324,7673,102293
519,2011-02,경남,의령군,41,6832,89,6962,28,566,44,638,59,3472,751,4282,1,13,165,179,129,10883,1049,12061
520,2011-02,경남,진주시,145,89965,2555,92665,138,5539,1023,6700,191,24868,2068,27127,12,90,233,335,486,120462,5879,126827
521,2011-02,경남,창녕군,56,15898,439,16393,49,1374,135,1558,67,7961,149,8177,6,28,30,64,178,25261,753,26192
522,2011-02,경남,"창원시 마산합포구",85,51974,1648,53707,46,3461,784,4291,135,10620,890,11645,9,37,87,133,275,66092,3409,69776
523,2011-02,경남,"창원시 마산회원구",49,79687,2948,82684,24,4113,333,4470,36,13233,1446,14715,1,59,131,191,110,97092,4858,102060
524,2011-02,경남,"창원시 성산구",37,150164,23607,173808,13,5712,1629,7354,66,13233,540,13839,0,57,126,183,116,169166,25902,195184
525,2011-02,경남,"창원시 의창구",277,80602,5378,86257,211,4802,400,5413,197,17571,1254,19022,11,61,176,248,696,103036,7208,110940
526,2011-02,경남,"창원시 진해구",56,53661,729,54446,23,3202,189,3414,55,6662,315,7032,8,27,54,89,142,63552,1287,64981
527,2011-02,경남,통영시,93,32278,1040,33411,66,2658,303,3027,97,7734,198,8029,7,32,36,75,263,42702,1577,44542
528,2011-02,경남,하동군,36,11519,125,11680,54,876,39,969,85,6379,211,6675,5,14,59,78,180,18788,434,19402
529,2011-02,경남,함안군,53,20259,159,20471,32,1559,189,1780,54,8048,435,8537,2,42,160,204,141,29908,943,30992
530,2011-02,경남,함양군,45,11819,148,12012,35,679,75,789,85,4799,129,5013,3,27,16,46,168,17324,368,17860
531,2011-02,경남,합천군,49,10821,120,10990,45,845,73,963,79,6071,413,6563,5,15,79,99,178,17752,685,18615
532,2011-02,제주,계,432,152348,16847,169627,311,14644,3889,18844,648,59818,2685,63151,57,272,224,553,1448,227082,23645,252175
533,2011-02,제주,서귀포시,113,40355,1837,42305,80,4158,190,4428,187,22601,411,23199,26,85,48,159,406,67199,2486,70091
534,2011-02,제주,제주시,319,111993,15010,127322,231,10486,3699,14416,461,37217,2274,39952,31,187,176,394,1042,159883,21159,182084
535,2011-03,서울,계,3995,2297777,147829,2449601,2474,155973,17442,175889,3698,309672,52982,366352,312,1073,2599,3984,10479,2764495,220852,2995826
536,2011-03,서울,강남구,164,193052,31969,225185,86,8162,1726,9974,158,17388,1767,19313,21,88,139,248,429,218690,35601,254720
537,2011-03,서울,강동구,82,108128,6163,114373,48,8180,704,8932,115,15585,2138,17838,9,33,161,203,254,131926,9166,141346
538,2011-03,서울,강북구,110,55286,2562,57958,47,5137,725,5909,142,8672,1430,10244,10,14,18,42,309,69109,4735,74153
539,2011-03,서울,강서구,114,133123,15757,148994,58,9662,1306,11026,169,18701,2670,21540,13,83,89,185,354,161569,19822,181745
540,2011-03,서울,관악구,143,94403,3537,98083,92,6983,332,7407,156,12252,1960,14368,7,14,92,113,398,113652,5921,119971
541,2011-03,서울,광진구,103,72352,2846,75301,49,5245,364,5658,152,10620,1626,12398,8,19,65,92,312,88236,4901,93449
542,2011-03,서울,구로구,90,94895,17459,112444,60,7109,1419,8588,128,15821,2196,18145,8,35,47,90,286,117860,21121,139267
543,2011-03,서울,금천구,25,52088,2139,54252,12,4775,440,5227,59,11153,1973,13185,1,29,33,63,97,68045,4585,72727
544,2011-03,서울,노원구,90,124051,6869,131010,61,8394,807,9262,128,13344,1835,15307,9,19,76,104,288,145808,9587,155683
545,2011-03,서울,도봉구,73,70903,5667,76643,54,5571,598,6223,94,9841,1239,11174,8,15,73,96,229,86330,7577,94136
546,2011-03,서울,동대문구,144,68214,3041,71399,74,5501,237,5812,132,12016,2226,14374,10,31,59,100,360,85762,5563,91685
547,2011-03,서울,동작구,98,79635,1542,81275,56,4956,164,5176,144,8889,1311,10344,14,17,48,79,312,93497,3065,96874
548,2011-03,서울,마포구,110,86810,3181,90101,59,5789,656,6504,169,11412,2436,14017,17,60,147,224,355,104071,6420,110846
549,2011-03,서울,서대문구,199,62026,2615,64840,69,4532,414,5015,148,7634,1515,9297,10,17,54,81,426,74209,4598,79233
550,2011-03,서울,서초구,369,138856,6894,146119,177,6158,787,7122,182,13521,4756,18459,13,96,102,211,741,158631,12539,171911
551,2011-03,서울,성동구,108,68299,2819,71226,56,4333,342,4731,137,9949,1595,11681,8,22,82,112,309,82603,4838,87750
552,2011-03,서울,성북구,119,92511,2772,95402,61,6919,957,7937,137,11074,1744,12955,9,22,28,59,326,110526,5501,116353
553,2011-03,서울,송파구,128,172153,5382,177663,101,9490,1412,11003,156,21676,3555,25387,8,51,146,205,393,203370,10495,214258
554,2011-03,서울,양천구,138,114648,5274,120060,64,7452,938,8454,142,14924,2642,17708,9,80,295,384,353,137104,9149,146606
555,2011-03,서울,영등포구,147,104162,4699,109008,62,7420,544,8026,148,19704,4679,24531,16,191,469,676,373,131477,10391,142241
556,2011-03,서울,용산구,232,63038,836,64106,62,3719,77,3858,162,6955,985,8102,12,14,46,72,468,73726,1944,76138
557,2011-03,서울,은평구,103,91001,3759,94863,64,7226,748,8038,110,12628,1640,14378,7,24,57,88,284,110879,6204,117367
558,2011-03,서울,종로구,723,37491,691,38905,541,3154,445,4140,330,5735,684,6749,58,15,18,91,1652,46395,1838,49885
559,2011-03,서울,중구,305,46351,3883,50539,418,3308,341,4067,184,6434,1775,8393,14,63,95,172,921,56156,6094,63171
560,2011-03,서울,중랑구,78,74301,5473,79852,43,6798,959,7800,116,13744,2605,16465,13,21,160,194,250,94864,9197,104311
561,2011-03,부산,계,1273,857502,36081,894856,831,57568,5609,64008,1486,155572,32003,189061,106,754,7260,8120,3696,1071396,80953,1156045
562,2011-03,부산,강서구,83,20911,2929,23923,50,1680,170,1900,114,9172,1605,10891,11,157,394,562,258,31920,5098,37276
563,2011-03,부산,중구,116,13320,216,13652,41,858,223,1122,69,2125,3527,5721,10,77,1174,1261,236,16380,5140,21756
564,2011-03,부산,금정구,71,57101,3309,60481,48,4346,730,5124,112,11079,2909,14100,10,24,560,594,241,72550,7508,80299
565,2011-03,부산,기장군,50,28337,573,28960,33,2398,153,2584,74,7041,319,7434,6,29,43,78,163,37805,1088,39056
566,2011-03,부산,남구,77,64173,2168,66418,53,4306,369,4728,63,10182,4799,15044,4,72,1623,1699,197,78733,8959,87889
567,2011-03,부산,동구,65,18750,3033,21848,38,1653,288,1979,81,3850,3780,7711,6,13,952,971,190,24266,8053,32509
568,2011-03,부산,동래구,57,63300,1616,64973,26,4396,476,4898,75,11993,1413,13481,1,26,148,175,159,79715,3653,83527
569,2011-03,부산,부산진구,118,115739,5376,121233,44,6327,655,7026,148,16012,1589,17749,1,44,271,316,311,138122,7891,146324
570,2011-03,부산,북구,61,68275,1393,69729,23,4805,147,4975,75,13483,1400,14958,2,26,87,115,161,86589,3027,89777
571,2011-03,부산,사상구,71,60356,4052,64479,56,4409,427,4892,103,16905,2052,19060,7,91,240,338,237,81761,6771,88769
572,2011-03,부산,사하구,62,78344,4679,83085,38,5670,498,6206,102,15173,2195,17470,6,46,223,275,208,99233,7595,107036
573,2011-03,부산,서구,61,20001,395,20457,25,1747,28,1800,57,4180,542,4779,1,8,36,45,144,25936,1001,27081
574,2011-03,부산,수영구,33,51354,1545,52932,19,2852,270,3141,94,6561,1005,7660,7,21,219,247,153,60788,3039,63980
575,2011-03,부산,연제구,213,63708,1365,65286,260,3518,354,4132,140,8837,2068,11045,21,67,718,806,634,76130,4505,81269
576,2011-03,부산,영도구,54,24433,1462,25949,41,2005,265,2311,83,4596,770,5449,7,18,95,120,185,31052,2592,33829
577,2011-03,부산,해운대구,81,109400,1970,111451,36,6598,556,7190,96,14383,2030,16509,6,35,477,518,219,130416,5033,135668
578,2011-03,대구,계,697,724461,23946,749104,561,40541,3947,45049,1000,142191,17917,161108,72,440,1071,1583,2330,907633,46881,956844
579,2011-03,대구,중구,74,27612,791,28477,113,1640,338,2091,102,4433,748,5283,17,7,5,29,306,33692,1882,35880
580,2011-03,대구,남구,56,43928,1280,45264,32,2703,106,2841,63,7963,518,8544,5,45,16,66,156,54639,1920,56715
581,2011-03,대구,동구,80,94139,6593,100812,62,5729,620,6411,108,19808,2736,22652,9,59,215,283,259,119735,10164,130158
582,2011-03,대구,북구,111,128101,3415,131627,74,7228,617,7919,178,29525,3918,33621,8,72,231,311,371,164926,8181,173478
583,2011-03,대구,서구,49,51444,2403,53896,39,3541,365,3945,93,13444,1631,15168,8,84,132,224,189,68513,4531,73233
584,2011-03,대구,달서구,124,180473,5188,185785,67,9678,677,10422,158,34024,5282,39464,9,86,243,338,358,224261,11390,236009
585,2011-03,대구,달성군,61,52602,734,53397,52,3583,291,3926,120,14127,1850,16097,5,43,201,249,238,70355,3076,73669
586,2011-03,대구,수성구,142,146162,3542,149846,122,6439,933,7494,178,18867,1234,20279,11,44,28,83,453,171512,5737,177702
587,2011-03,인천,계,1135,687200,22706,711041,697,53867,5110,59674,961,133691,25500,160152,81,722,3741,4544,2874,875480,57057,935411
588,2011-03,인천,중구,206,26189,539,26934,101,2359,364,2824,133,6309,8020,14462,12,218,1549,1779,452,35075,10472,45999
589,2011-03,인천,남구,137,99902,8681,108720,81,8159,919,9159,122,18385,3648,22155,5,169,672,846,345,126615,13920,140880
590,2011-03,인천,동구,18,18784,769,19571,20,1492,68,1580,42,3858,1466,5366,0,19,362,381,80,24153,2665,26898
591,2011-03,인천,서구,112,107942,4160,112214,56,8954,781,9791,97,23612,3731,27440,13,76,386,475,278,140584,9058,149920
592,2011-03,인천,강화군,69,16602,208,16879,42,1615,249,1906,84,7117,679,7880,6,24,56,86,201,25358,1192,26751
593,2011-03,인천,계양구,79,81531,1745,83355,36,6810,584,7430,89,15450,2119,17658,11,37,149,197,215,103828,4597,108640
594,2011-03,인천,남동구,253,124942,2290,127485,225,9375,430,10030,151,24684,2371,27206,21,92,309,422,650,159093,5400,165143
595,2011-03,인천,부평구,107,130124,2474,132705,57,9883,1043,10983,89,21994,2008,24091,8,48,134,190,261,162049,5659,167969
596,2011-03,인천,연수구,122,76446,1810,78378,53,4654,629,5336,86,9842,1434,11362,1,30,119,150,262,90972,3992,95226
597,2011-03,인천,옹진군,32,4738,30,4800,26,566,43,635,68,2440,24,2532,4,9,5,18,130,7753,102,7985
598,2011-03,광주,계,513,394323,16105,410941,353,25337,2264,27954,610,74388,9661,84659,49,304,1129,1482,1525,494352,29159,525036
599,2011-03,광주,남구,46,54531,1593,56170,36,3554,364,3954,58,9432,756,10246,5,31,74,110,145,67548,2787,70480
600,2011-03,광주,동구,63,24277,688,25028,40,1780,109,1929,77,4551,226,4854,6,11,39,56,186,30619,1062,31867
601,2011-03,광주,북구,122,123189,4977,128288,72,7944,870,8886,175,23889,2872,26936,12,83,436,531,381,155105,9155,164641
602,2011-03,광주,서구,177,89753,7065,96995,134,5051,640,5825,157,14702,1052,15911,10,49,100,159,478,109555,8857,118890
603,2011-03,광주,광산구,105,102573,1782,104460,71,7008,281,7360,143,21814,4755,26712,16,130,480,626,335,131525,7298,139158
604,2011-03,대전,계,545,448524,14461,463530,361,27103,2018,29482,601,73930,9301,83832,60,425,788,1273,1567,549982,26568,578117
605,2011-03,대전,중구,97,71908,4963,76968,43,4841,644,5528,82,13335,1366,14783,8,48,81,137,230,90132,7054,97416
606,2011-03,대전,동구,24,61691,2701,64416,27,4590,339,4956,89,14409,1108,15606,10,148,96,254,150,80838,4244,85232
607,2011-03,대전,서구,258,152400,3402,156060,163,8529,270,8962,209,20941,1403,22553,18,99,171,288,648,181969,5246,187863
608,2011-03,대전,대덕구,88,61436,1762,63286,50,4306,388,4744,97,14019,3367,17483,15,71,213,299,250,79832,5730,85812
609,2011-03,대전,유성구,78,101089,1633,102800,78,4837,377,5292,124,11226,2057,13407,9,59,227,295,289,117211,4294,121794
610,2011-03,울산,계,437,352988,7699,361124,287,16897,1591,18775,490,56732,7608,64830,40,330,1509,1879,1254,426947,18407,446608
611,2011-03,울산,중구,74,68906,1362,70342,60,3286,315,3661,85,11204,651,11940,8,16,53,77,227,83412,2381,86020
612,2011-03,울산,남구,199,110580,3094,113873,115,4894,467,5476,191,17850,2989,21030,11,109,507,627,516,133433,7057,141006
613,2011-03,울산,동구,48,46942,442,47432,36,2127,186,2349,64,4594,216,4874,9,57,21,87,157,53720,865,54742
614,2011-03,울산,북구,32,61742,1710,63484,16,2760,184,2960,54,8195,1305,9554,2,40,414,456,104,72737,3613,76454
615,2011-03,울산,울주군,84,64818,1091,65993,60,3830,439,4329,96,14889,2447,17432,10,108,514,632,250,83645,4491,88386
616,2011-03,경기,계,4800,3204413,73436,3282649,2297,230722,29271,262290,4736,593316,85608,683660,358,2256,6798,9412,12191,4030707,195113,4238011
617,2011-03,경기,가평군,96,15115,165,15376,54,1612,328,1994,108,5233,155,5496,9,42,29,80,267,22002,677,22946
618,2011-03,경기,"고양시 덕양구",134,97156,918,98208,75,7235,255,7565,191,16604,1333,18128,9,45,72,126,409,121040,2578,124027
619,2011-03,경기,"고양시 일산동구",88,80515,3705,84308,64,4798,918,5780,78,11012,1122,12212,7,49,82,138,237,96374,5827,102438
620,2011-03,경기,"고양시 일산서구",15,80185,1462,81662,9,4578,550,5137,34,8841,744,9619,7,26,34,67,65,93630,2790,96485
621,2011-03,경기,과천시,495,18669,353,19517,100,1055,13,1168,87,1933,111,2131,15,7,6,28,697,21664,483,22844
622,2011-03,경기,광명시,71,76735,1496,78302,40,5485,374,5899,98,12713,1357,14168,11,29,42,82,220,94962,3269,98451
623,2011-03,경기,광주시,103,80032,723,80858,47,6349,3132,9528,151,22071,2055,24277,9,67,68,144,310,108519,5978,114807
624,2011-03,경기,구리시,56,45671,1201,46928,25,3437,272,3734,72,9071,853,9996,8,32,45,85,161,58211,2371,60743
625,2011-03,경기,군포시,82,71644,736,72462,40,4443,146,4629,88,9333,3392,12813,8,21,213,242,218,85441,4487,90146
626,2011-03,경기,김포시,128,73624,866,74618,45,5836,896,6777,125,17626,2225,19976,6,85,723,814,304,97171,4710,102185
627,2011-03,경기,남양주시,185,143290,1529,145004,88,12024,829,12941,200,31663,2898,34761,12,66,159,237,485,187043,5415,192943
628,2011-03,경기,동두천시,44,22984,607,23635,26,2140,43,2209,66,4953,337,5356,7,24,17,48,143,30101,1004,31248
629,2011-03,경기,"부천시 소사구",34,49478,1343,50855,16,4105,470,4591,34,8755,678,9467,2,22,26,50,86,62360,2517,64963
630,2011-03,경기,"부천시 오정구",16,43635,658,44309,5,4534,477,5016,54,10591,1122,11767,1,25,152,178,76,58785,2409,61270
631,2011-03,경기,"부천시 원미구",136,111023,3977,115136,80,8115,1028,9223,123,17864,1951,19938,14,16,70,100,353,137018,7026,144397
632,2011-03,경기,"성남시 분당구",73,151411,2318,153802,42,5225,1287,6554,111,9217,1268,10596,9,31,63,103,235,165884,4936,171055
633,2011-03,경기,"성남시 수정구",88,46082,1144,47314,40,4172,97,4309,92,9270,975,10337,7,39,75,121,227,59563,2291,62081
634,2011-03,경기,"성남시 중원구",94,51199,1773,53066,35,5059,172,5266,85,10895,1310,12290,1,13,83,97,215,67166,3338,70719
635,2011-03,경기,"수원시 권선구",102,88489,2734,91325,60,6151,1438,7649,134,15343,1695,17172,2,35,208,245,298,110018,6075,116391
636,2011-03,경기,"수원시 영통구",77,77506,1341,78924,36,3737,204,3977,42,6671,922,7635,1,23,111,135,156,87937,2578,90671
637,2011-03,경기,"수원시 장안구",187,76541,1785,78513,121,5225,704,6050,102,10076,1446,11624,13,31,42,86,423,91873,3977,96273
638,2011-03,경기,"수원시 팔달구",158,53747,2964,56869,64,4253,256,4573,203,8381,1233,9817,16,15,58,89,441,66396,4511,71348
639,2011-03,경기,시흥시,131,116341,1930,118402,56,9381,305,9742,138,29746,3319,33203,13,59,227,299,338,155527,5781,161646
640,2011-03,경기,"안산시 단원구",132,97106,3954,101192,77,7827,1643,9547,182,21022,3096,24300,13,72,175,260,404,126027,8868,135299
641,2011-03,경기,"안산시 상록구",64,93864,1398,95326,34,7452,340,7826,42,18224,2072,20338,2,89,164,255,142,119629,3974,123745
642,2011-03,경기,안성시,92,54071,704,54867,51,4115,468,4634,100,14971,2779,17850,9,72,161,242,252,73229,4112,77593
643,2011-03,경기,"안양시 동안구",99,93260,2862,96221,72,5450,796,6318,131,10915,2212,13258,10,38,136,184,312,109663,6006,115981
644,2011-03,경기,"안양시 만안구",56,59835,1643,61534,36,4843,761,5640,42,10497,1285,11824,0,13,54,67,134,75188,3743,79065
645,2011-03,경기,양주시,114,52932,870,53916,43,5118,542,5703,112,13875,1253,15240,9,72,62,143,278,71997,2727,75002
646,2011-03,경기,양평군,115,27638,227,27980,64,2194,601,2859,129,8502,315,8946,9,39,33,81,317,38373,1176,39866
647,2011-03,경기,여주군,67,32744,369,33180,36,2775,638,3449,127,11519,5952,17598,8,110,303,421,238,47148,7262,54648
648,2011-03,경기,연천군,57,11200,274,11531,36,1111,90,1237,112,5394,5366,10872,6,64,492,562,211,17769,6222,24202
649,2011-03,경기,오산시,66,53063,849,53978,40,3812,285,4137,76,8164,1212,9452,7,48,42,97,189,65087,2388,67664
650,2011-03,경기,"용인시 기흥구",41,114619,5139,119799,33,5955,558,6546,21,9950,2449,12420,1,43,152,196,96,130567,8298,138961
651,2011-03,경기,"용인시 수지구",14,97831,389,98234,5,3872,160,4037,23,5374,771,6168,0,9,20,29,42,107086,1340,108468
652,2011-03,경기,"용인시 처인구",179,62795,2893,65867,60,5471,912,6443,207,16690,3579,20476,14,144,326,484,460,85100,7710,93270
653,2011-03,경기,의왕시,67,39270,346,39683,51,2460,80,2591,67,5717,1673,7457,7,30,297,334,192,47477,2396,50065
654,2011-03,경기,의정부시,157,96454,1655,98266,113,8104,508,8725,156,17073,1559,18788,9,51,68,128,435,121682,3790,125907
655,2011-03,경기,이천시,128,61737,1158,63023,46,4434,394,4874,111,14863,2771,17745,10,74,325,409,295,81108,4648,86051
656,2011-03,경기,파주시,131,102948,2791,105870,45,7814,2289,10148,102,21470,4232,25804,9,95,157,261,287,132327,9469,142083
657,2011-03,경기,평택시,185,130655,3290,134130,83,9717,1149,10949,181,26925,3688,30794,25,123,600,748,474,167420,8727,176621
658,2011-03,경기,포천시,113,45550,4277,49940,40,4574,726,5340,93,17692,2555,20340,6,100,273,379,252,67916,7831,75999
659,2011-03,경기,하남시,96,38004,531,38631,42,3143,248,3433,111,10529,802,11442,9,26,46,81,258,51702,1627,53587
660,2011-03,경기,화성시,234,167765,2089,170088,122,11532,1889,13543,195,36088,3486,39769,8,142,307,457,559,215527,7771,223857
661,2011-03,강원,계,1382,422929,14015,438326,876,33681,3011,37568,1704,123992,7946,133642,151,648,858,1657,4113,581250,25830,611193
662,2011-03,강원,강릉시,124,64892,1944,66960,83,4373,613,5069,187,15845,1107,17139,15,107,168,290,409,85217,3832,89458
663,2011-03,강원,고성군,39,7293,116,7448,23,681,40,744,49,3011,59,3119,2,15,22,39,113,11000,237,11350
664,2011-03,강원,동해시,79,26639,778,27496,39,2020,190,2249,85,5694,372,6151,12,27,105,144,215,34380,1445,36040
665,2011-03,강원,삼척시,85,18164,385,18634,54,1434,90,1578,116,5267,149,5532,7,32,14,53,262,24897,638,25797
666,2011-03,강원,속초시,95,21866,1057,23018,66,1827,166,2059,87,5070,259,5416,10,32,25,67,258,28795,1507,30560
667,2011-03,강원,양구군,32,5364,50,5446,19,454,35,508,37,2526,29,2592,2,8,6,16,90,8352,120,8562
668,2011-03,강원,양양군,28,7750,83,7861,11,640,11,662,55,3105,60,3220,3,21,6,30,97,11516,160,11773
669,2011-03,강원,영월군,85,10100,175,10360,52,1040,44,1136,101,4650,131,4882,10,17,22,49,248,15807,372,16427
670,2011-03,강원,원주시,159,90832,4541,95532,86,7082,505,7673,143,21659,1785,23587,17,82,115,214,405,119655,6946,127006
671,2011-03,강원,인제군,40,8424,102,8566,22,757,31,810,65,3907,79,4051,1,35,12,48,128,13123,224,13475
672,2011-03,강원,정선군,68,10363,197,10628,38,1081,66,1185,99,4880,182,5161,8,25,35,68,213,16349,480,17042
673,2011-03,강원,철원군,44,11653,161,11858,31,1167,34,1232,79,5786,102,5967,7,19,17,43,161,18625,314,19100
674,2011-03,강원,춘천시,234,79673,2660,82567,146,5169,573,5888,193,15362,2572,18127,20,91,209,320,593,100295,6014,106902
675,2011-03,강원,태백시,57,13931,554,14542,31,1298,168,1497,82,3303,156,3541,6,32,13,51,176,18564,891,19631
676,2011-03,강원,평창군,68,11693,660,12421,38,1236,45,1319,78,6667,144,6889,6,29,8,43,190,19625,857,20672
677,2011-03,강원,홍천군,62,17503,213,17778,66,1875,314,2255,116,8890,537,9543,17,28,56,101,261,28296,1120,29677
678,2011-03,강원,화천군,38,5786,74,5898,25,491,32,548,52,2425,34,2511,4,15,5,24,119,8717,145,8981
679,2011-03,강원,횡성군,45,11003,265,11313,46,1056,54,1156,80,5945,189,6214,4,33,20,57,175,18037,528,18740
680,2011-03,충북,계,841,436923,12174,449938,653,33792,3480,37925,1139,122723,10945,134807,92,566,1724,2382,2725,594004,28323,625052
681,2011-03,충북,괴산군,35,8640,54,8729,37,967,48,1052,58,5634,219,5911,1,13,37,51,131,15254,358,15743
682,2011-03,충북,단양군,37,7583,143,7763,25,776,67,868,57,3762,417,4236,5,13,235,253,124,12134,862,13120
683,2011-03,충북,보은군,39,7695,166,7900,32,779,68,879,70,4854,538,5462,7,25,65,97,148,13353,837,14338
684,2011-03,충북,영동군,54,11845,159,12058,45,952,77,1074,87,6411,106,6604,8,23,18,49,194,19231,360,19785
685,2011-03,충북,옥천군,45,13425,314,13784,28,1150,74,1252,38,5800,409,6247,1,20,42,63,112,20395,839,21346
686,2011-03,충북,음성군,48,27480,311,27839,32,2644,175,2851,56,10265,853,11174,10,48,76,134,146,40437,1415,41998
687,2011-03,충북,제천시,53,37107,938,38098,68,3043,244,3355,123,12169,1275,13567,8,83,564,655,252,52402,3021,55675
688,2011-03,충북,증평군,21,9185,155,9361,19,751,24,794,36,2597,532,3165,8,19,28,55,84,12552,739,13375
689,2011-03,충북,진천군,46,19128,209,19383,30,1633,119,1782,47,6366,525,6938,6,29,61,96,129,27156,914,28199
690,2011-03,충북,청원군,91,48067,458,48616,49,3683,735,4467,84,15132,1743,16959,3,76,170,249,227,66958,3106,70291
691,2011-03,충북,"청주시 상당구",143,69130,2083,71356,106,4927,335,5368,189,13054,1380,14623,16,47,109,172,454,87158,3907,91519
692,2011-03,충북,"청주시 흥덕구",119,120017,5754,125890,89,7540,1140,8769,90,19458,1752,21300,9,64,191,264,307,147079,8837,156223
693,2011-03,충북,충주시,110,57621,1430,59161,93,4947,374,5414,204,17221,1196,18621,10,106,128,244,417,79895,3128,83440
694,2011-03,충남,계,1172,582764,13385,597321,826,44925,4665,50416,1812,178274,14783,194869,137,762,1803,2702,3947,806725,34636,845308
695,2011-03,충남,계룡시,60,14514,117,14691,11,727,33,771,26,1530,239,1795,2,5,6,13,99,16776,395,17270
696,2011-03,충남,공주시,192,32575,1066,33833,115,2792,310,3217,169,12100,540,12809,8,61,62,131,484,47528,1978,49990
697,2011-03,충남,금산군,40,14134,356,14530,32,1583,274,1889,75,6726,491,7292,5,31,43,79,152,22474,1164,23790
698,2011-03,충남,논산시,65,31282,669,32016,59,2995,405,3459,111,13794,927,14832,12,58,42,112,247,48129,2043,50419
699,2011-03,충남,당진군,68,44176,440,44684,44,2988,233,3265,116,14269,1657,16042,6,77,451,534,234,61510,2781,64525
700,2011-03,충남,보령시,72,27336,378,27786,47,2235,156,2438,113,10631,522,11266,10,69,127,206,242,40271,1183,41696
701,2011-03,충남,부여군,63,16235,305,16603,41,1668,322,2031,107,9585,344,10036,4,18,26,48,215,27506,997,28718
702,2011-03,충남,서산시,84,45335,1018,46437,72,3433,333,3838,160,14485,1284,15929,15,61,189,265,331,63314,2824,66469
703,2011-03,충남,서천군,52,14596,204,14852,27,992,81,1100,87,6417,474,6978,2,24,75,101,168,22029,834,23031
704,2011-03,충남,아산시,71,81111,1926,83108,71,6076,445,6592,114,17143,2311,19568,12,78,187,277,268,104408,4869,109545
705,2011-03,충남,연기군,35,22887,290,23212,26,1759,102,1887,78,6967,766,7811,7,35,42,84,146,31648,1200,32994
706,2011-03,충남,예산군,67,22364,1503,23934,32,1940,350,2322,126,9666,490,10282,6,43,86,135,231,34013,2429,36673
707,2011-03,충남,"천안시 동남구",59,73886,2251,76196,48,5436,678,6162,83,15582,1750,17415,14,62,197,273,204,94966,4876,100046
708,2011-03,충남,"천안시 서북구",88,97736,2188,100012,93,6475,559,7127,191,16834,1710,18735,8,60,101,169,380,121105,4558,126043
709,2011-03,충남,청양군,40,7119,84,7243,41,666,83,790,77,4401,442,4920,8,27,72,107,166,12213,681,13060
710,2011-03,충남,태안군,45,15508,205,15758,26,1400,95,1521,81,7874,206,8161,6,21,43,70,158,24803,549,25510
711,2011-03,충남,홍성군,71,21970,385,22426,41,1760,206,2007,98,10270,630,10998,12,32,54,98,222,34032,1275,35529
712,2011-03,전북,계,1084,493424,16719,511227,826,35080,3925,39831,1598,152020,13214,166832,117,727,1347,2191,3625,681251,35205,720081
713,2011-03,전북,고창군,50,12833,196,13079,46,1492,98,1636,94,8623,204,8921,7,28,51,86,197,22976,549,23722
714,2011-03,전북,군산시,137,77476,2847,80460,76,5121,468,5665,141,17039,2354,19534,11,97,450,558,365,99733,6119,106217
715,2011-03,전북,김제시,81,23522,717,24320,43,2077,195,2315,84,11413,900,12397,12,120,79,211,220,37132,1891,39243
716,2011-03,전북,남원시,82,19267,2572,21921,70,1602,135,1807,150,10245,413,10808,14,50,24,88,316,31164,3144,34624
717,2011-03,전북,무주군,42,5483,65,5590,36,548,38,622,55,3230,240,3525,4,13,26,43,137,9274,369,9780
718,2011-03,전북,부안군,49,13370,203,13622,44,1157,101,1302,90,7351,188,7629,8,38,26,72,191,21916,518,22625
719,2011-03,전북,순창군,40,6317,61,6418,53,553,5,611,72,3746,117,3935,2,13,15,30,167,10629,198,10994
720,2011-03,전북,완주군,43,23102,314,23459,40,1869,451,2360,96,9406,2092,11594,4,40,135,179,183,34417,2992,37592
721,2011-03,전북,익산시,104,82174,2288,84566,67,6156,569,6792,191,23348,2459,25998,8,75,139,222,370,111753,5455,117578
722,2011-03,전북,임실군,38,6253,69,6360,44,587,86,717,72,3717,216,4005,4,19,16,39,158,10576,387,11121
723,2011-03,전북,장수군,43,4871,37,4951,39,444,16,499,85,3372,96,3553,8,12,12,32,175,8699,161,9035
724,2011-03,전북,"전주시 덕진구",98,85521,3680,89299,67,4925,1150,6142,130,17057,2014,19201,7,111,209,327,302,107614,7053,114969
725,2011-03,전북,"전주시 완산구",151,99911,2208,102270,93,5611,352,6056,153,16634,1128,17915,16,40,104,160,413,122196,3792,126401
726,2011-03,전북,정읍시,73,26995,1412,28480,69,2393,208,2670,113,13107,728,13948,7,52,55,114,262,42547,2403,45212
727,2011-03,전북,진안군,53,6329,50,6432,39,545,53,637,72,3732,65,3869,5,19,6,30,169,10625,174,10968
728,2011-03,전남,계,1377,458837,11565,471779,1105,38129,4808,44042,1766,182549,16670,200985,143,1242,3545,4930,4391,680757,36588,721736
729,2011-03,전남,강진군,39,8001,108,8148,37,739,59,835,48,5131,786,5965,1,32,61,94,125,13903,1014,15042
730,2011-03,전남,고흥군,49,12708,202,12959,56,1378,114,1548,90,9077,357,9524,1,29,61,91,196,23192,734,24122
731,2011-03,전남,곡성군,41,6550,76,6667,28,632,40,700,46,3663,310,4019,1,25,37,63,116,10870,463,11449
732,2011-03,전남,광양시,64,44726,961,45751,44,3164,240,3448,67,10603,2746,13416,7,159,1148,1314,182,58652,5095,63929
733,2011-03,전남,구례군,27,6025,248,6300,24,500,56,580,41,3148,232,3421,0,18,23,41,92,9691,559,10342
734,2011-03,전남,나주시,77,21311,940,22328,78,2155,310,2543,137,12238,1475,13850,9,83,222,314,301,35787,2947,39035
735,2011-03,전남,담양군,48,11630,144,11822,36,1048,289,1373,76,6271,992,7339,15,52,62,129,175,19001,1487,20663
736,2011-03,전남,목포시,128,60415,2601,63144,91,4815,435,5341,141,12622,1439,14202,13,79,134,226,373,77931,4609,82913
737,2011-03,전남,무안군,84,17906,208,18198,59,1614,68,1741,72,8615,584,9271,2,57,158,217,217,28192,1018,29427
738,2011-03,전남,보성군,51,10020,137,10208,51,949,72,1072,89,6170,378,6637,13,36,34,83,204,17175,621,18000
739,2011-03,전남,순천시,100,73260,1895,75255,84,5038,549,5671,128,19336,1358,20822,14,80,487,581,326,97714,4289,102329
740,2011-03,전남,신안군,56,7752,110,7918,40,658,58,756,70,6120,652,6842,9,38,28,75,175,14568,848,15591
741,2011-03,전남,여수시,119,73750,2079,75948,101,5588,606,6295,125,18070,2136,20331,21,182,582,785,366,97590,5403,103359
742,2011-03,전남,영광군,40,12409,196,12645,37,1003,139,1179,74,6631,359,7064,8,36,13,57,159,20079,707,20945
743,2011-03,전남,영암군,71,15618,148,15837,42,1474,52,1568,96,8333,945,9374,9,113,184,306,218,25538,1329,27085
744,2011-03,전남,완도군,55,9380,187,9622,37,846,78,961,72,7013,170,7255,0,34,2,36,164,17273,437,17874
745,2011-03,전남,장성군,48,11533,473,12054,32,1033,129,1194,56,5779,508,6343,1,29,118,148,137,18374,1228,19739
746,2011-03,전남,장흥군,40,8629,155,8824,41,758,45,844,50,5588,273,5911,0,30,17,47,131,15005,490,15626
747,2011-03,전남,진도군,35,6926,191,7152,22,658,53,733,52,4654,127,4833,1,21,11,33,110,12259,382,12751
748,2011-03,전남,함평군,37,7687,101,7825,36,739,74,849,45,4851,96,4992,1,25,13,39,119,13302,284,13705
749,2011-03,전남,해남군,65,15909,254,16228,66,1820,74,1960,113,11905,224,12242,14,36,15,65,258,29670,567,30495
750,2011-03,전남,화순군,103,16692,151,16946,63,1520,1268,2851,78,6731,523,7332,3,48,135,186,247,24991,2077,27315
751,2011-03,경북,계,1732,766564,15231,783527,1292,54178,4902,60372,2203,246679,20004,268886,152,1220,3661,5033,5379,1068641,43798,1117818
752,2011-03,경북,경산시,136,73316,941,74393,80,4817,330,5227,120,19171,1716,21007,11,67,147,225,347,97371,3134,100852
753,2011-03,경북,경주시,138,79958,1821,81917,106,5879,474,6459,210,22601,1567,24378,7,125,296,428,461,108563,4158,113182
754,2011-03,경북,고령군,47,10270,71,10388,21,817,51,889,48,5126,184,5358,1,32,20,53,117,16245,326,16688
755,2011-03,경북,구미시,113,127794,3387,131294,83,8728,684,9495,169,24107,2321,26597,10,72,256,338,375,160701,6648,167724
756,2011-03,경북,군위군,46,6268,39,6353,31,483,19,533,19,3830,209,4058,1,20,10,31,97,10601,277,10975
757,2011-03,경북,김천시,61,34920,635,35616,62,2866,188,3116,106,13924,693,14723,4,70,51,125,233,51780,1567,53580
758,2011-03,경북,문경시,64,18158,418,18640,43,1504,110,1657,83,8037,350,8470,6,35,37,78,196,27734,915,28845
759,2011-03,경북,봉화군,44,7196,70,7310,32,606,28,666,45,5268,98,5411,2,26,10,38,123,13096,206,13425
760,2011-03,경북,상주시,71,24947,513,25531,75,1916,242,2233,118,13848,871,14837,8,59,107,174,272,40770,1733,42775
761,2011-03,경북,성주군,48,12594,79,12721,37,973,75,1085,60,8155,795,9010,2,50,88,140,147,21772,1037,22956
762,2011-03,경북,안동시,99,43624,934,44657,109,3178,235,3522,160,16020,1269,17449,19,78,149,246,387,62900,2587,65874
763,2011-03,경북,영덕군,60,8875,99,9034,38,780,56,874,65,5047,87,5199,2,19,8,29,165,14721,250,15136
764,2011-03,경북,영양군,40,3992,38,4070,30,273,18,321,47,2686,49,2782,1,10,1,12,118,6961,106,7185
765,2011-03,경북,영주시,73,29031,572,29676,56,2241,145,2442,131,12849,779,13759,11,62,69,142,271,44183,1565,46019
766,2011-03,경북,영천시,74,28196,519,28789,63,2207,284,2554,86,13053,1636,14775,6,64,318,388,229,43520,2757,46506
767,2011-03,경북,예천군,58,10407,192,10657,37,846,58,941,56,6303,142,6501,13,28,16,57,164,17584,408,18156
768,2011-03,경북,울릉군,39,2340,81,2460,10,206,85,301,42,1176,30,1248,2,6,0,8,93,3728,196,4017
769,2011-03,경북,울진군,59,12760,168,12987,45,984,84,1113,79,5015,75,5169,5,39,14,58,188,18798,341,19327
770,2011-03,경북,의성군,71,12924,137,13132,79,1009,57,1145,89,9170,669,9928,7,43,88,138,246,23146,951,24343
771,2011-03,경북,청도군,46,11376,108,11530,32,901,43,976,63,5739,298,6100,0,18,12,30,141,18034,461,18636
772,2011-03,경북,청송군,46,6199,53,6298,55,444,31,530,56,4104,130,4290,2,20,9,31,159,10767,223,11149
773,2011-03,경북,칠곡군,107,39497,268,39872,46,2654,418,3118,90,10147,597,10834,17,46,146,209,260,52344,1429,54033
774,2011-03,경북,"포항시 남구",85,81200,1611,82896,47,4996,621,5664,163,15983,4637,20783,6,168,1676,1850,301,102347,8545,111193
775,2011-03,경북,"포항시 북구",107,80722,2477,83306,75,4870,566,5511,98,15320,802,16220,9,63,133,205,289,100975,3978,105242
776,2011-03,경남,계,1672,1016251,46388,1064311,1355,63548,7966,72869,2098,237747,20574,260419,134,1136,3811,5081,5259,1318682,78739,1402680
777,2011-03,경남,고성군,57,13850,248,14155,48,1187,90,1325,72,5838,148,6058,4,28,39,71,181,20903,525,21609
778,2011-03,경남,거제시,58,64912,1313,66283,57,4016,423,4496,101,10179,264,10544,9,76,66,151,225,79183,2066,81474
779,2011-03,경남,거창군,60,14621,212,14893,51,1070,165,1286,77,7070,242,7389,7,46,165,218,195,22807,784,23786
780,2011-03,경남,김해시,128,152633,2211,154972,132,10375,572,11079,165,35930,2640,38735,12,185,371,568,437,199123,5794,205354
781,2011-03,경남,남해군,49,9379,214,9642,48,806,125,979,78,4789,131,4998,6,15,19,40,181,14989,489,15659
782,2011-03,경남,밀양시,84,27987,614,28685,74,2247,234,2555,95,11742,2891,14728,7,45,570,622,260,42021,4309,46590
783,2011-03,경남,사천시,67,30986,1031,32084,57,2079,207,2343,119,9247,335,9701,8,28,56,92,251,42340,1629,44220
784,2011-03,경남,산청군,46,8151,135,8332,48,660,35,743,59,5083,484,5626,4,84,147,235,157,13978,801,14936
785,2011-03,경남,양산시,104,72274,1200,73578,63,5852,850,6765,124,16742,4637,21503,9,120,1024,1153,300,94988,7711,102999
786,2011-03,경남,의령군,41,6925,89,7055,32,573,43,648,59,3475,746,4280,2,15,165,182,134,10988,1043,12165
787,2011-03,경남,진주시,145,90300,2542,92987,138,5497,1020,6655,193,24845,2063,27101,11,95,234,340,487,120737,5859,127083
788,2011-03,경남,창녕군,55,16051,444,16550,49,1370,134,1553,67,8005,146,8218,6,28,29,63,177,25454,753,26384
789,2011-03,경남,"창원시 마산합포구",85,52340,1671,54096,46,3445,785,4276,129,10623,895,11647,8,38,86,132,268,66446,3437,70151
790,2011-03,경남,"창원시 마산회원구",50,80739,2942,83731,25,4078,337,4440,37,13213,1458,14708,1,59,138,198,113,98089,4875,103077
791,2011-03,경남,"창원시 성산구",38,152725,23750,176513,13,5717,1673,7403,71,13578,542,14191,0,59,124,183,122,172079,26089,198290
792,2011-03,경남,"창원시 의창구",278,81206,5467,86951,221,4779,408,5408,195,17569,1255,19019,10,62,180,252,704,103616,7310,111630
793,2011-03,경남,"창원시 진해구",56,53995,731,54782,24,3205,193,3422,56,6652,322,7030,7,25,54,86,143,63877,1300,65320
794,2011-03,경남,통영시,89,32416,1026,33531,65,2653,305,3023,94,7746,199,8039,6,31,35,72,254,42846,1565,44665
795,2011-03,경남,하동군,35,11624,122,11781,54,862,36,952,84,6417,206,6707,6,14,60,80,179,18917,424,19520
796,2011-03,경남,함안군,53,20362,158,20573,32,1559,185,1776,55,8071,428,8554,2,41,156,199,142,30033,927,31102
797,2011-03,경남,함양군,45,11913,148,12106,34,680,75,789,87,4829,127,5043,4,27,15,46,170,17449,365,17984
798,2011-03,경남,합천군,49,10862,120,11031,44,838,71,953,81,6104,415,6600,5,15,78,98,179,17819,684,18682
799,2011-03,제주,계,432,153202,17007,170641,308,14630,3945,18883,645,59952,2685,63282,56,275,224,555,1441,228059,23861,253361
800,2011-03,제주,서귀포시,113,40554,1815,42482,80,4143,190,4413,187,22611,414,23212,26,85,48,159,406,67393,2467,70266
801,2011-03,제주,제주시,319,112648,15192,128159,228,10487,3755,14470,458,37341,2271,40070,30,190,176,396,1035,160666,21394,183095
802,2011-04,서울,계,4038,2301735,148695,2454468,2478,155095,17541,175114,3728,309483,52889,366100,313,1092,2644,4049,10557,2767405,221769,2999731
803,2011-04,서울,강남구,84,193655,32200,225939,47,8087,1715,9849,152,17562,1764,19478,20,89,138,247,303,219393,35817,255513
804,2011-04,서울,강동구,42,108347,6165,114554,28,8184,713,8925,111,15580,2133,17824,9,33,160,202,190,132144,9171,141505
805,2011-04,서울,강북구,72,55370,2562,58004,29,5110,726,5865,140,8706,1433,10279,10,15,18,43,251,69201,4739,74191
806,2011-04,서울,강서구,70,133437,15717,149224,37,9549,1315,10901,167,18639,2670,21476,13,81,90,184,287,161706,19792,181785
807,2011-04,서울,관악구,66,94405,3576,98047,53,6935,329,7317,149,12231,1951,14331,7,14,89,110,275,113585,5945,119805
808,2011-04,서울,광진구,66,72509,2880,75455,33,5245,791,6069,148,10639,1627,12414,8,19,68,95,255,88412,5366,94033
809,2011-04,서울,구로구,53,94986,17784,112823,41,7096,1439,8576,127,15808,2187,18122,8,33,48,89,229,117923,21458,139610
810,2011-04,서울,금천구,25,52248,2225,54498,12,4760,440,5212,59,11180,1975,13214,1,28,34,63,97,68216,4674,72987
811,2011-04,서울,노원구,47,124013,6967,131027,36,8351,810,9197,127,13311,1825,15263,9,22,80,111,219,145697,9682,155598
812,2011-04,서울,도봉구,40,71063,5653,76756,39,5547,600,6186,95,9862,1225,11182,8,16,74,98,182,86488,7552,94222
813,2011-04,서울,동대문구,95,68374,3039,71508,55,5470,246,5771,130,12027,2217,14374,10,33,60,103,290,85904,5562,91756
814,2011-04,서울,동작구,59,79837,1551,81447,40,4939,165,5144,141,8935,1314,10390,14,18,50,82,254,93729,3080,97063
815,2011-04,서울,마포구,64,87107,3179,90350,42,5756,656,6454,160,11414,2391,13965,17,63,155,235,283,104340,6381,111004
816,2011-04,서울,서대문구,159,61989,2613,64761,50,4506,413,4969,146,7605,1517,9268,9,23,53,85,364,74123,4596,79083
817,2011-04,서울,서초구,309,139280,6985,146574,144,6116,794,7054,178,13531,4746,18455,12,94,101,207,643,159021,12626,172290
818,2011-04,서울,성동구,66,68333,2851,71250,38,4292,347,4677,137,9922,1587,11646,8,22,83,113,249,82569,4868,87686
819,2011-04,서울,성북구,55,92736,2774,95565,26,6868,960,7854,136,11068,1737,12941,9,23,30,62,226,110695,5501,116422
820,2011-04,서울,송파구,74,172741,5328,178143,78,9431,1440,10949,154,21668,3556,25378,8,51,149,208,314,203891,10473,214678
821,2011-04,서울,양천구,99,114680,5177,119956,48,7381,947,8376,141,14872,2631,17644,9,82,297,388,297,137015,9052,146364
822,2011-04,서울,영등포구,100,104115,4733,108948,37,7380,540,7957,165,19650,4731,24546,15,191,483,689,317,131336,10487,142140
823,2011-04,서울,용산구,188,63299,850,64337,43,3695,79,3817,164,6941,1093,8198,10,15,48,73,405,73950,2070,76425
824,2011-04,서울,은평구,47,91424,3756,95227,28,7191,746,7965,104,12612,1626,14342,7,26,57,90,186,111253,6185,117624
825,2011-04,서울,종로구,1872,37561,704,40137,1082,3161,450,4693,403,5742,685,6830,66,15,21,102,3423,46479,1860,51762
826,2011-04,서울,중구,245,45702,3980,49927,385,3281,349,4015,178,6248,1652,8078,13,64,95,172,821,55295,6076,62192
827,2011-04,서울,중랑구,41,74524,5446,80011,27,6764,531,7322,116,13730,2616,16462,13,22,163,198,197,95040,8756,103993
828,2011-04,부산,계,1292,859023,36173,896488,835,57330,5618,63783,1497,155446,31976,188919,107,756,7266,8129,3731,1072555,81033,1157319
829,2011-04,부산,강서구,83,21012,2982,24077,49,1674,168,1891,113,9161,1650,10924,11,158,404,573,256,32005,5204,37465
830,2011-04,부산,중구,119,13201,183,13503,41,859,220,1120,70,2119,3489,5678,10,77,1166,1253,240,16256,5058,21554
831,2011-04,부산,금정구,71,57263,3310,60644,50,4341,722,5113,112,11080,2894,14086,11,24,564,599,244,72708,7490,80442
832,2011-04,부산,기장군,49,28532,577,29158,33,2413,153,2599,74,7056,319,7449,6,29,43,78,162,38030,1092,39284
833,2011-04,부산,남구,79,64346,2168,66593,53,4314,367,4734,64,10164,4773,15001,4,73,1613,1690,200,78897,8921,88018
834,2011-04,부산,동구,67,18756,3026,21849,39,1654,293,1986,80,3849,3781,7710,6,13,952,971,192,24272,8052,32516
835,2011-04,부산,동래구,58,63473,1575,65106,26,4383,475,4884,76,11991,1403,13470,1,26,153,180,161,79873,3606,83640
836,2011-04,부산,부산진구,119,115364,5424,120907,44,6304,664,7012,152,15983,1596,17731,1,46,273,320,316,137697,7957,145970
837,2011-04,부산,북구,62,68449,1389,69900,23,4783,146,4952,73,13448,1397,14918,2,24,85,111,160,86704,3017,89881
838,2011-04,부산,사상구,73,60553,4042,64668,56,4394,431,4881,106,16893,2055,19054,7,91,241,339,242,81931,6769,88942
839,2011-04,부산,사하구,62,78647,4714,83423,37,5633,493,6163,104,15164,2194,17462,6,47,228,281,209,99491,7629,107329
840,2011-04,부산,서구,62,20078,396,20536,26,1726,28,1780,57,4183,538,4778,1,7,37,45,146,25994,999,27139
841,2011-04,부산,수영구,33,51563,1597,53193,20,2838,289,3147,94,6562,1008,7664,7,21,219,247,154,60984,3113,64251
842,2011-04,부산,연제구,219,63519,1359,65097,259,3520,353,4132,140,8800,2080,11020,21,67,714,802,639,75906,4506,81051
843,2011-04,부산,영도구,55,24513,1455,26023,41,1982,264,2287,85,4607,768,5460,7,19,94,120,188,31121,2581,33890
844,2011-04,부산,해운대구,81,109754,1976,111811,38,6512,552,7102,97,14386,2031,16514,6,34,480,520,222,130686,5039,135947
845,2011-04,대구,계,706,726040,24035,750781,564,40373,3969,44906,1009,142006,17924,160939,72,438,1075,1585,2351,908857,47003,958211
846,2011-04,대구,중구,74,27482,804,28360,114,1635,343,2092,102,4406,732,5240,17,7,5,29,307,33530,1884,35721
847,2011-04,대구,남구,57,43938,1263,45258,32,2676,103,2811,64,7931,516,8511,5,43,16,64,158,54588,1898,56644
848,2011-04,대구,동구,81,94634,6551,101266,64,5736,677,6477,110,19814,2742,22666,9,61,220,290,264,120245,10190,130699
849,2011-04,대구,북구,111,128248,3426,131785,74,7193,619,7886,181,29456,3919,33556,8,71,233,312,374,164968,8197,173539
850,2011-04,대구,서구,49,51820,2467,54336,39,3555,314,3908,92,13457,1625,15174,8,75,135,218,188,68907,4541,73636
851,2011-04,대구,달서구,125,180545,5237,185907,66,9621,680,10367,158,33884,5293,39335,9,91,243,343,358,224141,11453,235952
852,2011-04,대구,달성군,64,52800,725,53589,52,3546,292,3890,124,14184,1867,16175,5,47,195,247,245,70577,3079,73901
853,2011-04,대구,수성구,145,146573,3562,150280,123,6411,941,7475,178,18874,1230,20282,11,43,28,82,457,171901,5761,178119
854,2011-04,인천,계,1151,689220,22687,713058,705,53564,5140,59409,972,133627,25512,160111,82,713,3754,4549,2910,877124,57093,937127
855,2011-04,인천,중구,210,26272,557,27039,104,2364,366,2834,133,6317,8024,14474,12,202,1566,1780,459,35155,10513,46127
856,2011-04,인천,남구,140,99829,8685,108654,82,8070,952,9104,122,18269,3681,22072,5,173,677,855,349,126341,13995,140685
857,2011-04,인천,동구,18,18808,767,19593,20,1479,69,1568,42,3826,1475,5343,0,19,337,356,80,24132,2648,26860
858,2011-04,인천,서구,114,108841,4146,113101,55,8932,781,9768,97,23650,3749,27496,13,77,387,477,279,141500,9063,150842
859,2011-04,인천,강화군,68,16602,208,16878,42,1614,249,1905,85,7151,679,7915,6,25,55,86,201,25392,1191,26784
860,2011-04,인천,계양구,79,81616,1730,83425,36,6765,576,7377,89,15419,2111,17619,11,35,153,199,215,103835,4570,108620
861,2011-04,인천,남동구,258,125614,2291,128163,225,9308,430,9963,152,24671,2363,27186,21,96,316,433,656,159689,5400,165745
862,2011-04,인천,부평구,109,130013,2458,132580,57,9814,1038,10909,93,21974,1986,24053,9,47,136,192,268,161848,5618,167734
863,2011-04,인천,연수구,123,76863,1815,78801,57,4654,636,5347,91,9882,1420,11393,1,29,122,152,272,91428,3993,95693
864,2011-04,인천,옹진군,32,4762,30,4824,27,564,43,634,68,2468,24,2560,4,10,5,19,131,7804,102,8037
865,2011-04,광주,계,531,395912,16099,412542,363,25172,2273,27808,623,74335,9713,84671,49,307,1132,1488,1566,495726,29217,526509
866,2011-04,광주,남구,47,54674,1595,56316,36,3534,368,3938,59,9442,752,10253,5,32,73,110,147,67682,2788,70617
867,2011-04,광주,동구,65,24376,693,25134,41,1766,111,1918,81,4538,223,4842,6,12,44,62,193,30692,1071,31956
868,2011-04,광주,북구,133,123675,5011,128819,73,7919,874,8866,177,23906,2913,26996,12,85,432,529,395,155585,9230,165210
869,2011-04,광주,서구,177,90019,7007,97203,140,4982,642,5764,162,14591,1042,15795,10,47,102,159,489,109639,8793,118921
870,2011-04,광주,광산구,109,103168,1793,105070,73,6971,278,7322,144,21858,4783,26785,16,131,481,628,342,132128,7335,139805
871,2011-04,대전,계,550,449620,14470,464640,363,26955,2029,29347,604,73855,9351,83810,62,423,789,1274,1579,550853,26639,579071
872,2011-04,대전,중구,99,72012,4947,77058,44,4830,642,5516,81,13374,1370,14825,8,48,78,134,232,90264,7037,97533
873,2011-04,대전,동구,25,61773,2697,64495,27,4581,344,4952,90,14408,1124,15622,10,146,99,255,152,80908,4264,85324
874,2011-04,대전,서구,259,152870,3437,156566,165,8494,271,8930,211,20849,1408,22468,19,98,179,296,654,182311,5295,188260
875,2011-04,대전,대덕구,89,61512,1754,63355,49,4252,390,4691,98,13996,3378,17472,15,72,213,300,251,79832,5735,85818
876,2011-04,대전,유성구,78,101453,1635,103166,78,4798,382,5258,124,11228,2071,13423,10,59,220,289,290,117538,4308,122136
877,2011-04,울산,계,443,354508,7688,362639,286,16803,1612,18701,491,56796,7631,64918,40,332,1506,1878,1260,428439,18437,448136
878,2011-04,울산,중구,75,69143,1340,70558,61,3244,319,3624,86,11198,641,11925,8,17,56,81,230,83602,2356,86188
879,2011-04,울산,남구,204,110764,2828,113796,114,4876,460,5450,191,17849,3070,21110,11,112,506,629,520,133601,6864,140985
880,2011-04,울산,동구,48,47234,445,47727,35,2116,186,2337,63,4599,214,4876,9,57,22,88,155,54006,867,55028
881,2011-04,울산,북구,32,62199,1977,64208,16,2743,207,2966,54,8213,1260,9527,2,37,409,448,104,73192,3853,77149
882,2011-04,울산,울주군,84,65168,1098,66350,60,3824,440,4324,97,14937,2446,17480,10,109,513,632,251,84038,4497,88786
883,2011-04,경기,계,4865,3216199,74089,3295153,2320,229741,29294,261355,4774,593856,85788,684418,361,2269,6835,9465,12320,4042065,196006,4250391
884,2011-04,경기,가평군,101,15191,169,15461,58,1609,322,1989,113,5285,153,5551,10,41,30,81,282,22126,674,23082
885,2011-04,경기,"고양시 덕양구",138,97226,917,98281,79,7174,256,7509,197,16611,1337,18145,9,47,74,130,423,121058,2584,124065
886,2011-04,경기,"고양시 일산동구",89,80818,3835,84742,64,4802,915,5781,75,11055,1122,12252,7,50,83,140,235,96725,5955,102915
887,2011-04,경기,"고양시 일산서구",15,80569,1479,82063,9,4563,544,5116,33,8829,750,9612,7,27,34,68,64,93988,2807,96859
888,2011-04,경기,과천시,497,18715,346,19558,99,1054,13,1166,88,1953,111,2152,15,8,5,28,699,21730,475,22904
889,2011-04,경기,광명시,74,77159,1504,78737,38,5490,397,5925,101,12730,1356,14187,11,29,47,87,224,95408,3304,98936
890,2011-04,경기,광주시,104,80867,718,81689,47,6346,3132,9525,151,22099,2060,24310,9,66,69,144,311,109378,5979,115668
891,2011-04,경기,구리시,58,45636,1219,46913,25,3421,274,3720,72,9012,848,9932,8,31,45,84,163,58100,2386,60649
892,2011-04,경기,군포시,84,71701,727,72512,40,4422,146,4608,89,9311,3417,12817,8,20,210,238,221,85454,4500,90175
893,2011-04,경기,김포시,119,74092,862,75073,45,5816,913,6774,124,17686,2252,20062,5,84,725,814,293,97678,4752,102723
894,2011-04,경기,남양주시,189,144154,1508,145851,89,11985,810,12884,203,31785,2902,34890,12,64,162,238,493,187988,5382,193863
895,2011-04,경기,동두천시,48,23158,608,23814,26,2138,43,2207,68,4967,344,5379,7,26,16,49,149,30289,1011,31449
896,2011-04,경기,"부천시 소사구",34,49746,1340,51120,17,4089,468,4574,34,8788,681,9503,2,21,25,48,87,62644,2514,65245
897,2011-04,경기,"부천시 오정구",16,43779,651,44446,6,4529,476,5011,56,10565,1111,11732,1,24,141,166,79,58897,2379,61355
898,2011-04,경기,"부천시 원미구",142,111067,4206,115415,81,8010,1031,9122,126,17805,1962,19893,16,16,74,106,365,136898,7273,144536
899,2011-04,경기,"성남시 분당구",74,151695,2353,154122,42,5212,1279,6533,112,9196,1264,10572,9,33,62,104,237,166136,4958,171331
900,2011-04,경기,"성남시 수정구",89,45960,1142,47191,40,4134,103,4277,92,9264,989,10345,7,38,75,120,228,59396,2309,61933
901,2011-04,경기,"성남시 중원구",93,51295,1776,53164,35,5033,172,5240,84,10878,1320,12282,1,12,88,101,213,67218,3356,70787
902,2011-04,경기,"수원시 권선구",102,88930,2708,91740,62,6109,1437,7608,136,15377,1703,17216,2,38,207,247,302,110454,6055,116811
903,2011-04,경기,"수원시 영통구",79,77659,1329,79067,37,3731,208,3976,42,6646,924,7612,1,23,112,136,159,88059,2573,90791
904,2011-04,경기,"수원시 장안구",189,76822,1762,78773,122,5190,698,6010,106,10039,1448,11593,13,29,45,87,430,92080,3953,96463
905,2011-04,경기,"수원시 팔달구",159,53969,2952,57080,65,4237,259,4561,205,8399,1230,9834,16,15,61,92,445,66620,4502,71567
906,2011-04,경기,시흥시,135,116518,1934,118587,56,9328,305,9689,139,29775,3337,33251,13,60,230,303,343,155681,5806,161830
907,2011-04,경기,"안산시 단원구",135,97507,4041,101683,78,7813,1652,9543,183,20941,3083,24207,13,75,182,270,409,126336,8958,135703
908,2011-04,경기,"안산시 상록구",65,94057,1413,95535,34,7409,341,7784,41,18197,2066,20304,2,88,166,256,142,119751,3986,123879
909,2011-04,경기,안성시,95,54277,702,55074,51,4098,467,4616,101,15020,2800,17921,11,71,161,243,258,73466,4130,77854
910,2011-04,경기,"안양시 동안구",100,93358,2746,96204,72,5416,801,6289,132,10937,2221,13290,10,38,135,183,314,109749,5903,115966
911,2011-04,경기,"안양시 만안구",56,59951,1686,61693,37,4785,762,5584,42,10484,1292,11818,0,15,55,70,135,75235,3795,79165
912,2011-04,경기,양주시,114,53036,858,54008,42,5071,547,5660,112,13873,1256,15241,9,70,65,144,277,72050,2726,75053
913,2011-04,경기,양평군,117,27799,227,28143,65,2199,597,2861,131,8525,320,8976,9,39,33,81,322,38562,1177,40061
914,2011-04,경기,여주군,66,32846,372,33284,36,2769,635,3440,127,11541,5942,17610,8,109,304,421,237,47265,7253,54755
915,2011-04,경기,연천군,58,11245,274,11577,36,1108,90,1234,114,5389,5366,10869,6,64,490,560,214,17806,6220,24240
916,2011-04,경기,오산시,69,53737,848,54654,41,3803,284,4128,74,8253,1223,9550,7,50,40,97,191,65843,2395,68429
917,2011-04,경기,"용인시 기흥구",41,114790,5139,119970,34,5906,574,6514,21,9974,2439,12434,1,43,159,203,97,130713,8311,139121
918,2011-04,경기,"용인시 수지구",15,97979,443,98437,6,3854,158,4018,23,5348,766,6137,0,9,20,29,44,107190,1387,108621
919,2011-04,경기,"용인시 처인구",180,62974,2912,66066,61,5452,890,6403,211,16719,3610,20540,13,146,321,480,465,85291,7733,93489
920,2011-04,경기,의왕시,68,39335,417,39820,53,2429,81,2563,68,5717,1705,7490,7,29,298,334,196,47510,2501,50207
921,2011-04,경기,의정부시,157,96550,1653,98360,115,8020,508,8643,156,16992,1543,18691,9,51,69,129,437,121613,3773,125823
922,2011-04,경기,이천시,128,62158,1161,63447,46,4423,376,4845,112,14859,2771,17742,10,75,323,408,296,81515,4631,86442
923,2011-04,경기,파주시,130,103759,2777,106666,46,7823,2311,10180,102,21496,4223,25821,9,95,163,267,287,133173,9474,142934
924,2011-04,경기,평택시,192,131302,3222,134716,84,9676,1145,10905,180,26934,3689,30803,25,128,609,762,481,168040,8665,177186
925,2011-04,경기,포천시,115,45754,4463,50332,40,4580,726,5346,93,17762,2569,20424,6,100,275,381,254,68196,8033,76483
926,2011-04,경기,하남시,97,38119,534,38750,44,3140,242,3426,110,10601,802,11513,9,27,47,83,260,51887,1625,53772
927,2011-04,경기,화성시,239,168940,2156,171335,117,11545,1906,13568,195,36239,3481,39915,8,145,300,453,559,216869,7843,225271
928,2011-04,강원,계,1402,424414,13940,439756,893,33530,3018,37441,1732,123998,7920,133650,153,643,851,1647,4180,582585,25729,612494
929,2011-04,강원,강릉시,127,65039,1919,67085,85,4340,611,5036,190,15807,1118,17115,15,108,168,291,417,85294,3816,89527
930,2011-04,강원,고성군,39,7321,102,7462,24,682,41,747,49,3015,61,3125,2,15,20,37,114,11033,224,11371
931,2011-04,강원,동해시,82,26693,772,27547,42,2002,188,2232,86,5686,370,6142,12,28,104,144,222,34409,1434,36065
932,2011-04,강원,삼척시,84,18221,386,18691,56,1426,90,1572,120,5284,149,5553,7,32,13,52,267,24963,638,25868
933,2011-04,강원,속초시,95,21920,1035,23050,66,1810,166,2042,88,5062,258,5408,10,31,25,66,259,28823,1484,30566
934,2011-04,강원,양구군,35,5378,50,5463,19,447,33,499,38,2535,29,2602,2,8,5,15,94,8368,117,8579
935,2011-04,강원,양양군,31,7768,81,7880,14,635,11,660,65,3118,56,3239,4,21,6,31,114,11542,154,11810
936,2011-04,강원,영월군,86,10137,176,10399,53,1033,44,1130,104,4663,130,4897,10,17,22,49,253,15850,372,16475
937,2011-04,강원,원주시,159,91277,4520,95956,87,7063,513,7663,145,21590,1769,23504,17,83,115,215,408,120013,6917,127338
938,2011-04,강원,인제군,41,8449,101,8591,22,760,32,814,67,3923,80,4070,1,35,13,49,131,13167,226,13524
939,2011-04,강원,정선군,68,10385,197,10650,38,1083,65,1186,99,4898,180,5177,8,25,35,68,213,16391,477,17081
940,2011-04,강원,철원군,43,11712,158,11913,32,1161,33,1226,78,5792,101,5971,7,18,17,42,160,18683,309,19152
941,2011-04,강원,춘천시,240,79896,2648,82784,146,5155,577,5878,194,15331,2566,18091,20,85,207,312,600,100467,5998,107065
942,2011-04,강원,태백시,57,14000,556,14613,31,1295,170,1496,84,3289,153,3526,7,30,13,50,179,18614,892,19685
943,2011-04,강원,평창군,68,11718,686,12472,38,1232,44,1314,78,6683,143,6904,6,29,8,43,190,19662,881,20733
944,2011-04,강원,홍천군,63,17591,211,17865,67,1871,315,2253,116,8929,537,9582,17,31,55,103,263,28422,1118,29803
945,2011-04,강원,화천군,38,5810,74,5922,25,484,31,540,52,2435,33,2520,4,15,5,24,119,8744,143,9006
946,2011-04,강원,횡성군,46,11099,268,11413,48,1051,54,1153,79,5958,187,6224,4,32,20,56,177,18140,529,18846
947,2011-04,충북,계,860,439052,12167,452079,664,33709,3481,37854,1149,122962,10956,135067,91,567,1751,2409,2764,596290,28355,627409
948,2011-04,충북,괴산군,37,8716,54,8807,39,963,48,1050,59,5669,220,5948,1,14,37,52,136,15362,359,15857
949,2011-04,충북,단양군,37,7633,143,7813,26,775,66,867,57,3763,419,4239,5,13,240,258,125,12184,868,13177
950,2011-04,충북,보은군,40,7722,166,7928,33,782,72,887,70,4865,547,5482,7,25,66,98,150,13394,851,14395
951,2011-04,충북,영동군,54,11890,159,12103,45,959,75,1079,87,6446,106,6639,8,22,18,48,194,19317,358,19869
952,2011-04,충북,옥천군,45,13468,315,13828,29,1159,75,1263,40,5813,401,6254,1,19,43,63,115,20459,834,21408
953,2011-04,충북,음성군,47,27589,317,27953,32,2640,177,2849,55,10298,855,11208,10,48,77,135,144,40575,1426,42145
954,2011-04,충북,제천시,55,37346,923,38324,67,3016,242,3325,127,12198,1280,13605,7,83,570,660,256,52643,3015,55914
955,2011-04,충북,증평군,21,9237,156,9414,19,751,24,794,36,2619,529,3184,8,18,28,54,84,12625,737,13446
956,2011-04,충북,진천군,45,19251,208,19504,30,1634,116,1780,47,6397,527,6971,6,29,60,95,128,27311,911,28350
957,2011-04,충북,청원군,99,48430,458,48987,54,3671,736,4461,86,15216,1750,17052,3,74,178,255,242,67391,3122,70755
958,2011-04,충북,"청주시 상당구",148,69267,2096,71511,106,4890,334,5330,189,12940,1372,14501,16,46,110,172,459,87143,3912,91514
959,2011-04,충북,"청주시 흥덕구",119,120587,5739,126445,90,7537,1142,8769,91,19502,1752,21345,9,70,191,270,309,147696,8824,156829
960,2011-04,충북,충주시,113,57916,1433,59462,94,4932,374,5400,205,17236,1198,18639,10,106,133,249,422,80190,3138,83750
961,2011-04,충남,계,1185,586037,13329,600551,830,44788,4674,50292,1847,178627,14834,195308,137,767,1818,2722,3999,810219,34655,848873
962,2011-04,충남,계룡시,60,14528,118,14706,10,722,33,765,27,1550,239,1816,2,6,6,14,99,16806,396,17301
963,2011-04,충남,공주시,194,32758,1068,34020,116,2771,309,3196,169,12135,538,12842,8,63,61,132,487,47727,1976,50190
964,2011-04,충남,금산군,41,14148,345,14534,32,1587,276,1895,75,6741,486,7302,5,30,41,76,153,22506,1148,23807
965,2011-04,충남,논산시,66,31406,689,32161,59,2988,400,3447,114,13836,924,14874,12,60,42,114,251,48290,2055,50596
966,2011-04,충남,당진군,69,44482,440,44991,44,2980,232,3256,116,14304,1665,16085,6,75,459,540,235,61841,2796,64872
967,2011-04,충남,보령시,70,27491,376,27937,46,2218,156,2420,115,10609,523,11247,10,69,126,205,241,40387,1181,41809
968,2011-04,충남,부여군,63,16238,303,16604,41,1660,313,2014,110,9593,352,10055,4,19,26,49,218,27510,994,28722
969,2011-04,충남,서산시,85,45651,1000,46736,73,3435,332,3840,162,14505,1287,15954,15,64,191,270,335,63655,2810,66800
970,2011-04,충남,서천군,54,14639,203,14896,27,999,81,1107,88,6413,467,6968,2,24,74,100,171,22075,825,23071
971,2011-04,충남,아산시,71,81633,1858,83562,72,6064,458,6594,124,17227,2315,19666,12,77,187,276,279,105001,4818,110098
972,2011-04,충남,연기군,35,23008,291,23334,27,1744,101,1872,78,6968,768,7814,7,36,41,84,147,31756,1201,33104
973,2011-04,충남,예산군,67,22532,1505,24104,33,1944,352,2329,127,9695,492,10314,6,45,89,140,233,34216,2438,36887
974,2011-04,충남,"천안시 동남구",61,74227,2247,76535,48,5420,680,6148,84,15603,1762,17449,14,59,202,275,207,95309,4891,100407
975,2011-04,충남,"천안시 서북구",89,98486,2210,100785,93,6437,570,7100,201,16849,1726,18776,8,63,106,177,391,121835,4612,126838
976,2011-04,충남,청양군,42,7171,84,7297,42,663,82,787,77,4400,461,4938,8,26,72,106,169,12260,699,13128
977,2011-04,충남,태안군,46,15554,203,15803,25,1393,96,1514,82,7904,204,8190,6,21,43,70,159,24872,546,25577
978,2011-04,충남,홍성군,72,22085,389,22546,42,1763,203,2008,98,10295,625,11018,12,30,52,94,224,34173,1269,35666
979,2011-04,전북,계,1107,495924,16715,513746,830,34989,3938,39757,1616,152100,13270,166986,119,730,1364,2213,3672,683743,35287,722702
980,2011-04,전북,고창군,51,12898,195,13144,46,1497,98,1641,98,8634,204,8936,7,27,54,88,202,23056,551,23809
981,2011-04,전북,군산시,142,78002,2863,81007,77,5132,475,5684,144,17064,2346,19554,11,98,454,563,374,100296,6138,106808
982,2011-04,전북,김제시,81,23609,713,24403,43,2067,194,2304,85,11420,906,12411,12,117,78,207,221,37213,1891,39325
983,2011-04,전북,남원시,82,19361,2559,22002,71,1606,138,1815,150,10295,409,10854,14,50,24,88,317,31312,3130,34759
984,2011-04,전북,무주군,42,5493,65,5600,35,551,38,624,55,3243,238,3536,4,13,26,43,136,9300,367,9803
985,2011-04,전북,부안군,50,13386,202,13638,44,1145,102,1291,91,7386,186,7663,8,38,26,72,193,21955,516,22664
986,2011-04,전북,순창군,41,6330,61,6432,53,560,5,618,74,3751,119,3944,2,18,15,35,170,10659,200,11029
987,2011-04,전북,완주군,44,23229,318,23591,40,1877,456,2373,97,9391,2128,11616,4,41,134,179,185,34538,3036,37759
988,2011-04,전북,익산시,103,82602,2287,84992,67,6114,569,6750,192,23335,2461,25988,8,72,139,219,370,112123,5456,117949
989,2011-04,전북,임실군,42,6300,70,6412,44,585,86,715,70,3733,217,4020,4,19,15,38,160,10637,388,11185
990,2011-04,전북,장수군,45,4878,37,4960,39,444,15,498,86,3366,96,3548,8,11,11,30,178,8699,159,9036
991,2011-04,전북,"전주시 덕진구",99,85947,3684,89730,69,4921,1145,6135,129,16990,2056,19175,8,114,222,344,305,107972,7107,115384
992,2011-04,전북,"전주시 완산구",158,100448,2200,102806,93,5564,356,6013,156,16669,1095,17920,16,40,106,162,423,122721,3757,126901
993,2011-04,전북,정읍시,74,27125,1411,28610,70,2391,209,2670,117,13065,746,13928,8,53,54,115,269,42634,2420,45323
994,2011-04,전북,진안군,53,6316,50,6419,39,535,52,626,72,3758,63,3893,5,19,6,30,169,10628,171,10968
995,2011-04,전남,계,1419,461192,11577,474188,1117,38035,4851,44003,1773,182915,16728,201416,142,1242,3553,4937,4451,683384,36709,724544
996,2011-04,전남,강진군,42,8054,108,8204,39,742,58,839,47,5166,785,5998,1,30,60,91,129,13992,1011,15132
997,2011-04,전남,고흥군,51,12783,203,13037,59,1367,115,1541,90,9133,359,9582,1,28,63,92,201,23311,740,24252
998,2011-04,전남,곡성군,45,6595,76,6716,28,626,40,694,46,3688,319,4053,1,25,37,63,120,10934,472,11526
999,2011-04,전남,광양시,67,44906,969,45942,44,3149,245,3438,69,10635,2746,13450,7,158,1150,1315,187,58848,5110,64145
1000,2011-04,전남,구례군,27,6057,250,6334,24,497,58,579,41,3158,234,3433,0,18,22,40,92,9730,564,10386
